#depth	O  1	O  2	O  3	O  4	O  5	O  6	O  7	O  8	O  9	O1	O1*	O1**
 3.89092e+13	0.00e+00	2.56e-05	1.89e-01	8.10e-01	4.60e-04	3.39e-12	0.00e+00	0.00e+00	0.00e+00	0.00e+00	0.00e+00	0.00e+00
 2.33455e+14	0.00e+00	2.72e-05	1.93e-01	8.06e-01	4.43e-04	0.00e+00	0.00e+00	0.00e+00	0.00e+00	0.00e+00	0.00e+00	0.00e+00
 4.79781e+14	0.00e+00	2.85e-05	1.96e-01	8.03e-01	4.29e-04	0.00e+00	0.00e+00	0.00e+00	0.00e+00	0.00e+00	0.00e+00	0.00e+00
 6.51655e+14	0.00e+00	2.90e-05	1.98e-01	8.01e-01	4.24e-04	0.00e+00	0.00e+00	0.00e+00	0.00e+00	0.00e+00	0.00e+00	0.00e+00
 8.38379e+14	0.00e+00	2.95e-05	2.00e-01	8.00e-01	4.19e-04	0.00e+00	0.00e+00	0.00e+00	0.00e+00	0.00e+00	0.00e+00	0.00e+00
 1.08112e+15	0.00e+00	3.02e-05	2.02e-01	7.97e-01	4.12e-04	0.00e+00	0.00e+00	0.00e+00	0.00e+00	0.00e+00	0.00e+00	0.00e+00
 1.39669e+15	0.00e+00	3.11e-05	2.05e-01	7.95e-01	4.04e-04	0.00e+00	0.00e+00	0.00e+00	0.00e+00	0.00e+00	0.00e+00	0.00e+00
 1.80692e+15	0.00e+00	3.22e-05	2.09e-01	7.91e-01	3.94e-04	0.00e+00	0.00e+00	0.00e+00	0.00e+00	0.00e+00	0.00e+00	0.00e+00
 2.34022e+15	0.00e+00	3.37e-05	2.14e-01	7.86e-01	3.81e-04	0.00e+00	0.00e+00	0.00e+00	0.00e+00	0.00e+00	0.00e+00	0.00e+00
 3.03352e+15	0.00e+00	3.58e-05	2.20e-01	7.79e-01	3.65e-04	0.00e+00	0.00e+00	0.00e+00	0.00e+00	0.00e+00	0.00e+00	0.00e+00
 3.93480e+15	0.00e+00	3.86e-05	2.29e-01	7.70e-01	3.45e-04	0.00e+00	0.00e+00	0.00e+00	0.00e+00	0.00e+00	0.00e+00	0.00e+00
 5.10647e+15	0.00e+00	4.25e-05	2.41e-01	7.59e-01	3.21e-04	0.00e+00	0.00e+00	0.00e+00	0.00e+00	0.00e+00	0.00e+00	0.00e+00
 6.62965e+15	0.00e+00	4.79e-05	2.57e-01	7.43e-01	2.92e-04	0.00e+00	0.00e+00	0.00e+00	0.00e+00	0.00e+00	0.00e+00	0.00e+00
 8.60977e+15	0.00e+00	5.58e-05	2.79e-01	7.21e-01	2.59e-04	0.00e+00	0.00e+00	0.00e+00	0.00e+00	0.00e+00	0.00e+00	0.00e+00
 1.09236e+16	0.00e+00	6.63e-05	3.06e-01	6.94e-01	2.24e-04	0.00e+00	0.00e+00	0.00e+00	0.00e+00	0.00e+00	0.00e+00	0.00e+00
 1.33607e+16	0.00e+00	7.88e-05	3.36e-01	6.64e-01	1.92e-04	0.00e+00	0.00e+00	0.00e+00	0.00e+00	0.00e+00	0.00e+00	0.00e+00
 1.58953e+16	0.00e+00	9.39e-05	3.70e-01	6.30e-01	1.62e-04	0.00e+00	0.00e+00	0.00e+00	0.00e+00	0.00e+00	0.00e+00	0.00e+00
 1.85312e+16	0.00e+00	1.12e-04	4.08e-01	5.92e-01	1.36e-04	0.00e+00	0.00e+00	0.00e+00	0.00e+00	0.00e+00	0.00e+00	0.00e+00
 2.12726e+16	0.00e+00	1.33e-04	4.51e-01	5.49e-01	1.11e-04	0.00e+00	0.00e+00	0.00e+00	0.00e+00	0.00e+00	0.00e+00	0.00e+00
 2.41236e+16	0.00e+00	1.59e-04	4.99e-01	5.01e-01	8.94e-05	0.00e+00	0.00e+00	0.00e+00	0.00e+00	0.00e+00	0.00e+00	0.00e+00
 2.68560e+16	0.00e+00	1.86e-04	5.47e-01	4.52e-01	7.12e-05	0.00e+00	0.00e+00	0.00e+00	0.00e+00	0.00e+00	0.00e+00	0.00e+00
 2.95416e+16	0.00e+00	2.17e-04	5.98e-01	4.01e-01	5.56e-05	0.00e+00	0.00e+00	0.00e+00	0.00e+00	0.00e+00	0.00e+00	0.00e+00
 3.24957e+16	0.00e+00	2.54e-04	6.56e-01	3.44e-01	4.11e-05	0.00e+00	0.00e+00	0.00e+00	0.00e+00	0.00e+00	0.00e+00	0.00e+00
 3.55424e+16	0.00e+00	2.97e-04	7.17e-01	2.83e-01	2.89e-05	0.00e+00	0.00e+00	0.00e+00	0.00e+00	0.00e+00	0.00e+00	0.00e+00
 3.84220e+16	0.00e+00	3.39e-04	7.73e-01	2.27e-01	1.97e-05	0.00e+00	0.00e+00	0.00e+00	0.00e+00	0.00e+00	0.00e+00	0.00e+00
 4.11664e+16	0.00e+00	3.82e-04	8.23e-01	1.76e-01	1.30e-05	0.00e+00	0.00e+00	0.00e+00	0.00e+00	0.00e+00	0.00e+00	0.00e+00
 4.43035e+16	0.00e+00	4.31e-04	8.74e-01	1.26e-01	7.54e-06	0.00e+00	0.00e+00	0.00e+00	0.00e+00	0.00e+00	0.00e+00	0.00e+00
 4.79982e+16	0.00e+00	4.88e-04	9.21e-01	7.90e-02	3.65e-06	0.00e+00	0.00e+00	0.00e+00	0.00e+00	0.00e+00	0.00e+00	0.00e+00
 5.19182e+16	0.00e+00	5.45e-04	9.55e-01	4.49e-02	1.54e-06	0.00e+00	0.00e+00	0.00e+00	0.00e+00	0.00e+00	0.00e+00	0.00e+00
 5.59951e+16	0.00e+00	6.02e-04	9.76e-01	2.37e-02	5.87e-07	0.00e+00	0.00e+00	0.00e+00	0.00e+00	0.00e+00	0.00e+00	0.00e+00
 6.02351e+16	0.00e+00	6.58e-04	9.87e-01	1.20e-02	0.00e+00	0.00e+00	0.00e+00	0.00e+00	0.00e+00	0.00e+00	0.00e+00	0.00e+00
 6.46446e+16	0.00e+00	7.16e-04	9.93e-01	5.85e-03	0.00e+00	0.00e+00	0.00e+00	0.00e+00	0.00e+00	0.00e+00	0.00e+00	0.00e+00
 6.92305e+16	0.00e+00	7.77e-04	9.96e-01	2.82e-03	0.00e+00	0.00e+00	0.00e+00	0.00e+00	0.00e+00	0.00e+00	0.00e+00	0.00e+00
 7.39999e+16	0.00e+00	8.41e-04	9.98e-01	1.35e-03	0.00e+00	0.00e+00	0.00e+00	0.00e+00	0.00e+00	0.00e+00	0.00e+00	0.00e+00
 7.89600e+16	0.00e+00	9.09e-04	9.98e-01	6.45e-04	0.00e+00	0.00e+00	0.00e+00	0.00e+00	0.00e+00	0.00e+00	0.00e+00	0.00e+00
 8.41185e+16	0.00e+00	9.84e-04	9.99e-01	3.12e-04	0.00e+00	0.00e+00	0.00e+00	0.00e+00	0.00e+00	0.00e+00	0.00e+00	0.00e+00
 8.94834e+16	0.00e+00	1.06e-03	9.99e-01	1.54e-04	0.00e+00	0.00e+00	0.00e+00	0.00e+00	0.00e+00	0.00e+00	0.00e+00	0.00e+00
 9.50629e+16	1.12e-09	1.15e-03	9.99e-01	7.88e-05	0.00e+00	0.00e+00	0.00e+00	0.00e+00	0.00e+00	1.01e-09	5.88e-11	5.47e-11
 1.00866e+17	1.31e-09	1.24e-03	9.99e-01	4.28e-05	0.00e+00	0.00e+00	0.00e+00	0.00e+00	0.00e+00	1.18e-09	6.88e-11	6.40e-11
 1.06900e+17	1.54e-09	1.34e-03	9.99e-01	2.51e-05	0.00e+00	0.00e+00	0.00e+00	0.00e+00	0.00e+00	1.38e-09	8.05e-11	7.49e-11
 1.13176e+17	1.80e-09	1.45e-03	9.99e-01	1.63e-05	0.00e+00	0.00e+00	0.00e+00	0.00e+00	0.00e+00	1.61e-09	9.41e-11	8.76e-11
 1.19704e+17	2.10e-09	1.57e-03	9.98e-01	1.17e-05	0.00e+00	0.00e+00	0.00e+00	0.00e+00	0.00e+00	1.89e-09	1.10e-10	1.03e-10
 1.26492e+17	2.46e-09	1.70e-03	9.98e-01	9.11e-06	0.00e+00	0.00e+00	0.00e+00	0.00e+00	0.00e+00	2.21e-09	1.29e-10	1.20e-10
 1.33552e+17	2.88e-09	1.83e-03	9.98e-01	7.58e-06	0.00e+00	0.00e+00	0.00e+00	0.00e+00	0.00e+00	2.59e-09	1.51e-10	1.40e-10
 1.40894e+17	3.37e-09	1.98e-03	9.98e-01	6.57e-06	0.00e+00	0.00e+00	0.00e+00	0.00e+00	0.00e+00	3.03e-09	1.77e-10	1.64e-10
 1.48530e+17	3.95e-09	2.14e-03	9.98e-01	5.85e-06	0.00e+00	0.00e+00	0.00e+00	0.00e+00	0.00e+00	3.55e-09	2.07e-10	1.92e-10
 1.56471e+17	4.62e-09	2.32e-03	9.98e-01	5.28e-06	0.00e+00	0.00e+00	0.00e+00	0.00e+00	0.00e+00	4.15e-09	2.42e-10	2.25e-10
 1.64730e+17	5.41e-09	2.51e-03	9.97e-01	4.81e-06	0.00e+00	0.00e+00	0.00e+00	0.00e+00	0.00e+00	4.86e-09	2.83e-10	2.64e-10
 1.73320e+17	6.34e-09	2.71e-03	9.97e-01	4.40e-06	0.00e+00	0.00e+00	0.00e+00	0.00e+00	0.00e+00	5.70e-09	3.32e-10	3.09e-10
 1.82252e+17	7.42e-09	2.93e-03	9.97e-01	4.04e-06	0.00e+00	0.00e+00	0.00e+00	0.00e+00	0.00e+00	6.67e-09	3.88e-10	3.61e-10
 1.91543e+17	8.69e-09	3.17e-03	9.97e-01	3.71e-06	0.00e+00	0.00e+00	0.00e+00	0.00e+00	0.00e+00	7.81e-09	4.55e-10	4.23e-10
 2.01205e+17	1.02e-08	3.43e-03	9.97e-01	3.41e-06	0.00e+00	0.00e+00	0.00e+00	0.00e+00	0.00e+00	9.15e-09	5.33e-10	4.96e-10
 2.11253e+17	1.19e-08	3.71e-03	9.96e-01	3.14e-06	0.00e+00	0.00e+00	0.00e+00	0.00e+00	0.00e+00	1.07e-08	6.24e-10	5.81e-10
 2.21703e+17	1.40e-08	4.01e-03	9.96e-01	2.88e-06	0.00e+00	0.00e+00	0.00e+00	0.00e+00	0.00e+00	1.26e-08	7.31e-10	6.81e-10
 2.32571e+17	1.64e-08	4.33e-03	9.96e-01	2.65e-06	0.00e+00	0.00e+00	0.00e+00	0.00e+00	0.00e+00	1.47e-08	8.57e-10	7.98e-10
 2.43874e+17	1.92e-08	4.69e-03	9.95e-01	2.44e-06	0.00e+00	0.00e+00	0.00e+00	0.00e+00	0.00e+00	1.73e-08	1.00e-09	9.36e-10
 2.55629e+17	2.25e-08	5.07e-03	9.95e-01	2.24e-06	0.00e+00	0.00e+00	0.00e+00	0.00e+00	0.00e+00	2.03e-08	1.18e-09	1.10e-09
 2.67855e+17	2.64e-08	5.49e-03	9.95e-01	2.06e-06	0.00e+00	0.00e+00	0.00e+00	0.00e+00	0.00e+00	2.38e-08	1.38e-09	1.29e-09
 2.80569e+17	3.10e-08	5.94e-03	9.94e-01	1.89e-06	0.00e+00	0.00e+00	0.00e+00	0.00e+00	0.00e+00	2.79e-08	1.62e-09	1.51e-09
 2.93792e+17	3.64e-08	6.43e-03	9.94e-01	1.74e-06	0.00e+00	0.00e+00	0.00e+00	0.00e+00	0.00e+00	3.28e-08	1.90e-09	1.77e-09
 3.07544e+17	4.28e-08	6.96e-03	9.93e-01	1.59e-06	0.00e+00	0.00e+00	0.00e+00	0.00e+00	0.00e+00	3.85e-08	2.23e-09	2.08e-09
 3.21846e+17	5.03e-08	7.53e-03	9.92e-01	1.46e-06	0.00e+00	0.00e+00	0.00e+00	0.00e+00	0.00e+00	4.52e-08	2.62e-09	2.44e-09
 3.36720e+17	5.91e-08	8.15e-03	9.92e-01	1.34e-06	0.00e+00	0.00e+00	0.00e+00	0.00e+00	0.00e+00	5.31e-08	3.08e-09	2.87e-09
 3.52189e+17	6.95e-08	8.83e-03	9.91e-01	1.23e-06	0.00e+00	0.00e+00	0.00e+00	0.00e+00	0.00e+00	6.25e-08	3.63e-09	3.38e-09
 3.68276e+17	8.17e-08	9.56e-03	9.90e-01	1.13e-06	0.00e+00	0.00e+00	0.00e+00	0.00e+00	0.00e+00	7.35e-08	4.26e-09	3.97e-09
 3.85008e+17	9.62e-08	1.04e-02	9.90e-01	1.03e-06	0.00e+00	0.00e+00	0.00e+00	0.00e+00	0.00e+00	8.65e-08	5.02e-09	4.67e-09
 4.02408e+17	1.13e-07	1.12e-02	9.89e-01	9.42e-07	0.00e+00	0.00e+00	0.00e+00	0.00e+00	0.00e+00	1.02e-07	5.91e-09	5.50e-09
 4.20504e+17	1.33e-07	1.22e-02	9.88e-01	0.00e+00	0.00e+00	0.00e+00	0.00e+00	0.00e+00	0.00e+00	1.20e-07	6.96e-09	6.48e-09
 4.39325e+17	1.57e-07	1.32e-02	9.87e-01	0.00e+00	0.00e+00	0.00e+00	0.00e+00	0.00e+00	0.00e+00	1.42e-07	8.20e-09	7.64e-09
 4.58898e+17	1.86e-07	1.43e-02	9.86e-01	0.00e+00	0.00e+00	0.00e+00	0.00e+00	0.00e+00	0.00e+00	1.67e-07	9.67e-09	9.02e-09
 4.79254e+17	2.19e-07	1.55e-02	9.84e-01	0.00e+00	0.00e+00	0.00e+00	0.00e+00	0.00e+00	0.00e+00	1.97e-07	1.14e-08	1.06e-08
 5.00424e+17	2.59e-07	1.68e-02	9.83e-01	0.00e+00	0.00e+00	0.00e+00	0.00e+00	0.00e+00	0.00e+00	2.33e-07	1.35e-08	1.26e-08
 5.22441e+17	3.07e-07	1.83e-02	9.82e-01	0.00e+00	0.00e+00	0.00e+00	0.00e+00	0.00e+00	0.00e+00	2.76e-07	1.60e-08	1.49e-08
 5.45339e+17	3.63e-07	1.98e-02	9.80e-01	0.00e+00	0.00e+00	0.00e+00	0.00e+00	0.00e+00	0.00e+00	3.27e-07	1.89e-08	1.76e-08
 5.69153e+17	4.30e-07	2.15e-02	9.78e-01	0.00e+00	0.00e+00	0.00e+00	0.00e+00	0.00e+00	0.00e+00	3.87e-07	2.24e-08	2.09e-08
 5.93919e+17	5.10e-07	2.34e-02	9.77e-01	0.00e+00	0.00e+00	0.00e+00	0.00e+00	0.00e+00	0.00e+00	4.59e-07	2.65e-08	2.47e-08
 6.19676e+17	6.06e-07	2.54e-02	9.75e-01	0.00e+00	0.00e+00	0.00e+00	0.00e+00	0.00e+00	0.00e+00	5.46e-07	3.15e-08	2.94e-08
 6.46463e+17	7.21e-07	2.77e-02	9.72e-01	0.00e+00	0.00e+00	0.00e+00	0.00e+00	0.00e+00	0.00e+00	6.49e-07	3.74e-08	3.49e-08
 6.74322e+17	8.59e-07	3.01e-02	9.70e-01	0.00e+00	0.00e+00	0.00e+00	0.00e+00	0.00e+00	0.00e+00	7.73e-07	4.45e-08	4.16e-08
 7.03295e+17	1.02e-06	3.28e-02	9.67e-01	0.00e+00	0.00e+00	0.00e+00	0.00e+00	0.00e+00	0.00e+00	9.22e-07	5.31e-08	4.96e-08
 7.33427e+17	1.22e-06	3.57e-02	9.64e-01	0.00e+00	0.00e+00	0.00e+00	0.00e+00	0.00e+00	0.00e+00	1.10e-06	6.34e-08	5.92e-08
 7.64764e+17	1.47e-06	3.90e-02	9.61e-01	0.00e+00	0.00e+00	0.00e+00	0.00e+00	0.00e+00	0.00e+00	1.32e-06	7.58e-08	7.08e-08
 7.97355e+17	1.76e-06	4.25e-02	9.57e-01	0.00e+00	0.00e+00	0.00e+00	0.00e+00	0.00e+00	0.00e+00	1.58e-06	9.09e-08	8.49e-08
 8.31249e+17	2.11e-06	4.65e-02	9.54e-01	0.00e+00	0.00e+00	0.00e+00	0.00e+00	0.00e+00	0.00e+00	1.90e-06	1.09e-07	1.02e-07
 8.66499e+17	2.55e-06	5.08e-02	9.49e-01	0.00e+00	0.00e+00	0.00e+00	0.00e+00	0.00e+00	0.00e+00	2.29e-06	1.31e-07	1.23e-07
 9.03159e+17	3.08e-06	5.57e-02	9.44e-01	0.00e+00	0.00e+00	0.00e+00	0.00e+00	0.00e+00	0.00e+00	2.77e-06	1.59e-07	1.48e-07
 9.41286e+17	3.73e-06	6.11e-02	9.39e-01	0.00e+00	0.00e+00	0.00e+00	0.00e+00	0.00e+00	0.00e+00	3.36e-06	1.92e-07	1.79e-07
 9.80937e+17	4.54e-06	6.72e-02	9.33e-01	0.00e+00	0.00e+00	0.00e+00	0.00e+00	0.00e+00	0.00e+00	4.09e-06	2.34e-07	2.18e-07
 1.02217e+18	5.55e-06	7.40e-02	9.26e-01	0.00e+00	0.00e+00	0.00e+00	0.00e+00	0.00e+00	0.00e+00	5.00e-06	2.85e-07	2.66e-07
 1.06506e+18	6.81e-06	8.17e-02	9.18e-01	0.00e+00	0.00e+00	0.00e+00	0.00e+00	0.00e+00	0.00e+00	6.14e-06	3.50e-07	3.26e-07
 1.10966e+18	8.41e-06	9.05e-02	9.10e-01	0.00e+00	0.00e+00	0.00e+00	0.00e+00	0.00e+00	0.00e+00	7.58e-06	4.31e-07	4.01e-07
 1.15469e+18	1.04e-05	1.00e-01	9.00e-01	0.00e+00	0.00e+00	0.00e+00	0.00e+00	0.00e+00	0.00e+00	9.35e-06	5.32e-07	4.95e-07
 1.19849e+18	1.27e-05	1.11e-01	8.89e-01	0.00e+00	0.00e+00	0.00e+00	0.00e+00	0.00e+00	0.00e+00	1.15e-05	6.51e-07	6.06e-07
 1.24541e+18	1.58e-05	1.23e-01	8.77e-01	0.00e+00	0.00e+00	0.00e+00	0.00e+00	0.00e+00	0.00e+00	1.43e-05	8.11e-07	7.54e-07
 1.29472e+18	2.00e-05	1.38e-01	8.62e-01	0.00e+00	0.00e+00	0.00e+00	0.00e+00	0.00e+00	0.00e+00	1.80e-05	1.02e-06	9.49e-07
 1.34003e+18	2.47e-05	1.53e-01	8.47e-01	0.00e+00	0.00e+00	0.00e+00	0.00e+00	0.00e+00	0.00e+00	2.23e-05	1.26e-06	1.18e-06
 1.38237e+18	3.04e-05	1.70e-01	8.30e-01	0.00e+00	0.00e+00	0.00e+00	0.00e+00	0.00e+00	0.00e+00	2.74e-05	1.55e-06	1.44e-06
 1.42218e+18	3.68e-05	1.87e-01	8.13e-01	0.00e+00	0.00e+00	0.00e+00	0.00e+00	0.00e+00	0.00e+00	3.32e-05	1.89e-06	1.75e-06
 1.45926e+18	4.44e-05	2.05e-01	7.95e-01	0.00e+00	0.00e+00	0.00e+00	0.00e+00	0.00e+00	0.00e+00	4.00e-05	2.27e-06	2.11e-06
 1.50110e+18	5.51e-05	2.29e-01	7.71e-01	0.00e+00	0.00e+00	0.00e+00	0.00e+00	0.00e+00	0.00e+00	4.97e-05	2.83e-06	2.63e-06
 1.54424e+18	6.94e-05	2.58e-01	7.42e-01	0.00e+00	0.00e+00	0.00e+00	0.00e+00	0.00e+00	0.00e+00	6.25e-05	3.57e-06	3.32e-06
 1.57895e+18	8.43e-05	2.85e-01	7.15e-01	0.00e+00	0.00e+00	0.00e+00	0.00e+00	0.00e+00	0.00e+00	7.59e-05	4.34e-06	4.05e-06
 1.60832e+18	1.00e-04	3.12e-01	6.88e-01	0.00e+00	0.00e+00	0.00e+00	0.00e+00	0.00e+00	0.00e+00	9.01e-05	5.16e-06	4.82e-06
 1.64090e+18	1.22e-04	3.46e-01	6.54e-01	0.00e+00	0.00e+00	0.00e+00	0.00e+00	0.00e+00	0.00e+00	1.10e-04	6.30e-06	5.88e-06
 1.67570e+18	1.52e-04	3.89e-01	6.11e-01	0.00e+00	0.00e+00	0.00e+00	0.00e+00	0.00e+00	0.00e+00	1.37e-04	7.88e-06	7.35e-06
 1.70502e+18	1.85e-04	4.33e-01	5.67e-01	0.00e+00	0.00e+00	0.00e+00	0.00e+00	0.00e+00	0.00e+00	1.67e-04	9.63e-06	8.98e-06
 1.72927e+18	2.20e-04	4.76e-01	5.23e-01	0.00e+00	0.00e+00	0.00e+00	0.00e+00	0.00e+00	0.00e+00	1.98e-04	1.15e-05	1.07e-05
 1.74872e+18	2.55e-04	5.17e-01	4.82e-01	0.00e+00	0.00e+00	0.00e+00	0.00e+00	0.00e+00	0.00e+00	2.29e-04	1.33e-05	1.24e-05
 1.76308e+18	2.85e-04	5.52e-01	4.48e-01	0.00e+00	0.00e+00	0.00e+00	0.00e+00	0.00e+00	0.00e+00	2.56e-04	1.49e-05	1.39e-05
 1.77497e+18	3.14e-04	5.83e-01	4.17e-01	0.00e+00	0.00e+00	0.00e+00	0.00e+00	0.00e+00	0.00e+00	2.82e-04	1.65e-05	1.53e-05
 1.78617e+18	3.45e-04	6.16e-01	3.84e-01	0.00e+00	0.00e+00	0.00e+00	0.00e+00	0.00e+00	0.00e+00	3.10e-04	1.81e-05	1.68e-05
 1.79672e+18	3.78e-04	6.49e-01	3.50e-01	0.00e+00	0.00e+00	0.00e+00	0.00e+00	0.00e+00	0.00e+00	3.39e-04	1.99e-05	1.84e-05
 1.80594e+18	4.10e-04	6.82e-01	3.17e-01	0.00e+00	0.00e+00	0.00e+00	0.00e+00	0.00e+00	0.00e+00	3.69e-04	2.16e-05	2.01e-05
 1.81359e+18	4.41e-04	7.13e-01	2.87e-01	0.00e+00	0.00e+00	0.00e+00	0.00e+00	0.00e+00	0.00e+00	3.96e-04	2.32e-05	2.16e-05
 1.81995e+18	4.69e-04	7.40e-01	2.59e-01	0.00e+00	0.00e+00	0.00e+00	0.00e+00	0.00e+00	0.00e+00	4.21e-04	2.47e-05	2.29e-05
 1.82546e+18	4.95e-04	7.66e-01	2.33e-01	0.00e+00	0.00e+00	0.00e+00	0.00e+00	0.00e+00	0.00e+00	4.45e-04	2.61e-05	2.42e-05
 1.83039e+18	5.20e-04	7.91e-01	2.08e-01	0.00e+00	0.00e+00	0.00e+00	0.00e+00	0.00e+00	0.00e+00	4.67e-04	2.75e-05	2.55e-05
 1.83476e+18	5.45e-04	8.15e-01	1.85e-01	0.00e+00	0.00e+00	0.00e+00	0.00e+00	0.00e+00	0.00e+00	4.89e-04	2.88e-05	2.67e-05
 1.83855e+18	5.68e-04	8.37e-01	1.62e-01	0.00e+00	0.00e+00	0.00e+00	0.00e+00	0.00e+00	0.00e+00	5.10e-04	3.00e-05	2.79e-05
 1.84178e+18	5.88e-04	8.57e-01	1.42e-01	0.00e+00	0.00e+00	0.00e+00	0.00e+00	0.00e+00	0.00e+00	5.28e-04	3.11e-05	2.89e-05
 1.84458e+18	6.07e-04	8.76e-01	1.24e-01	0.00e+00	0.00e+00	0.00e+00	0.00e+00	0.00e+00	0.00e+00	5.45e-04	3.21e-05	2.98e-05
 1.84703e+18	6.24e-04	8.92e-01	1.07e-01	0.00e+00	0.00e+00	0.00e+00	0.00e+00	0.00e+00	0.00e+00	5.60e-04	3.31e-05	3.06e-05
 1.84921e+18	6.40e-04	9.08e-01	9.15e-02	0.00e+00	0.00e+00	0.00e+00	0.00e+00	0.00e+00	0.00e+00	5.74e-04	3.39e-05	3.14e-05
 1.85114e+18	6.54e-04	9.22e-01	7.75e-02	0.00e+00	0.00e+00	0.00e+00	0.00e+00	0.00e+00	0.00e+00	5.87e-04	3.46e-05	3.21e-05
 1.85285e+18	6.66e-04	9.34e-01	6.50e-02	0.00e+00	0.00e+00	0.00e+00	0.00e+00	0.00e+00	0.00e+00	5.98e-04	3.53e-05	3.27e-05
 1.85435e+18	6.76e-04	9.45e-01	5.40e-02	0.00e+00	0.00e+00	0.00e+00	0.00e+00	0.00e+00	0.00e+00	6.07e-04	3.58e-05	3.32e-05
 1.85570e+18	6.85e-04	9.55e-01	4.45e-02	0.00e+00	0.00e+00	0.00e+00	0.00e+00	0.00e+00	0.00e+00	6.15e-04	3.63e-05	3.36e-05
 1.85692e+18	6.93e-04	9.63e-01	3.61e-02	0.00e+00	0.00e+00	0.00e+00	0.00e+00	0.00e+00	0.00e+00	6.22e-04	3.67e-05	3.40e-05
 1.85804e+18	6.99e-04	9.70e-01	2.90e-02	0.00e+00	0.00e+00	0.00e+00	0.00e+00	0.00e+00	0.00e+00	6.27e-04	3.70e-05	3.43e-05
 1.85908e+18	7.03e-04	9.76e-01	2.29e-02	0.00e+00	0.00e+00	0.00e+00	0.00e+00	0.00e+00	0.00e+00	6.32e-04	3.72e-05	3.45e-05
 1.86006e+18	7.07e-04	9.81e-01	1.79e-02	0.00e+00	0.00e+00	0.00e+00	0.00e+00	0.00e+00	0.00e+00	6.35e-04	3.74e-05	3.47e-05
 1.86099e+18	7.09e-04	9.86e-01	1.37e-02	0.00e+00	0.00e+00	0.00e+00	0.00e+00	0.00e+00	0.00e+00	6.37e-04	3.75e-05	3.48e-05
 1.86190e+18	7.11e-04	9.89e-01	1.02e-02	0.00e+00	0.00e+00	0.00e+00	0.00e+00	0.00e+00	0.00e+00	6.39e-04	3.75e-05	3.48e-05
 1.86296e+18	7.12e-04	9.92e-01	7.16e-03	0.00e+00	0.00e+00	0.00e+00	0.00e+00	0.00e+00	0.00e+00	6.40e-04	3.76e-05	3.49e-05
 1.86414e+18	7.13e-04	9.95e-01	4.65e-03	0.00e+00	0.00e+00	0.00e+00	0.00e+00	0.00e+00	0.00e+00	6.41e-04	3.76e-05	3.49e-05
 1.86549e+18	7.15e-04	9.96e-01	2.81e-03	0.00e+00	0.00e+00	0.00e+00	0.00e+00	0.00e+00	0.00e+00	6.43e-04	3.76e-05	3.49e-05
 1.86724e+18	7.19e-04	9.98e-01	1.45e-03	0.00e+00	0.00e+00	0.00e+00	0.00e+00	0.00e+00	0.00e+00	6.46e-04	3.77e-05	3.51e-05
 1.86951e+18	7.26e-04	9.99e-01	6.20e-04	0.00e+00	0.00e+00	0.00e+00	0.00e+00	0.00e+00	0.00e+00	6.52e-04	3.80e-05	3.54e-05
 1.87247e+18	7.35e-04	9.99e-01	2.13e-04	0.00e+00	0.00e+00	0.00e+00	0.00e+00	0.00e+00	0.00e+00	6.61e-04	3.85e-05	3.58e-05
 1.87631e+18	7.48e-04	9.99e-01	5.67e-05	0.00e+00	0.00e+00	0.00e+00	0.00e+00	0.00e+00	0.00e+00	6.72e-04	3.92e-05	3.64e-05
 1.88131e+18	7.64e-04	9.99e-01	1.14e-05	0.00e+00	0.00e+00	0.00e+00	0.00e+00	0.00e+00	0.00e+00	6.87e-04	4.00e-05	3.72e-05
 1.88781e+18	7.86e-04	9.99e-01	1.67e-06	0.00e+00	0.00e+00	0.00e+00	0.00e+00	0.00e+00	0.00e+00	7.06e-04	4.12e-05	3.83e-05
 1.89626e+18	8.16e-04	9.99e-01	1.71e-07	0.00e+00	0.00e+00	0.00e+00	0.00e+00	0.00e+00	0.00e+00	7.34e-04	4.28e-05	3.98e-05
 1.90724e+18	8.58e-04	9.99e-01	0.00e+00	0.00e+00	0.00e+00	0.00e+00	0.00e+00	0.00e+00	0.00e+00	7.71e-04	4.51e-05	4.19e-05
 1.92152e+18	9.18e-04	9.99e-01	0.00e+00	0.00e+00	0.00e+00	0.00e+00	0.00e+00	0.00e+00	0.00e+00	8.25e-04	4.83e-05	4.48e-05
 1.94008e+18	1.01e-03	9.99e-01	0.00e+00	0.00e+00	0.00e+00	0.00e+00	0.00e+00	0.00e+00	0.00e+00	9.03e-04	5.29e-05	4.91e-05
 1.96420e+18	1.14e-03	9.99e-01	0.00e+00	0.00e+00	0.00e+00	0.00e+00	0.00e+00	0.00e+00	0.00e+00	1.02e-03	6.02e-05	5.58e-05
 1.99557e+18	1.36e-03	9.99e-01	0.00e+00	0.00e+00	0.00e+00	0.00e+00	0.00e+00	0.00e+00	0.00e+00	1.22e-03	7.21e-05	6.68e-05
 2.02820e+18	1.68e-03	9.98e-01	0.00e+00	0.00e+00	0.00e+00	0.00e+00	0.00e+00	0.00e+00	0.00e+00	1.51e-03	8.94e-05	8.27e-05
 2.05306e+18	2.03e-03	9.98e-01	0.00e+00	0.00e+00	0.00e+00	0.00e+00	0.00e+00	0.00e+00	0.00e+00	1.82e-03	1.08e-04	1.00e-04
 2.07033e+18	2.34e-03	9.98e-01	0.00e+00	0.00e+00	0.00e+00	0.00e+00	0.00e+00	0.00e+00	0.00e+00	2.10e-03	1.26e-04	1.16e-04
 2.08453e+18	2.67e-03	9.97e-01	0.00e+00	0.00e+00	0.00e+00	0.00e+00	0.00e+00	0.00e+00	0.00e+00	2.39e-03	1.43e-04	1.32e-04
 2.10038e+18	3.12e-03	9.97e-01	0.00e+00	0.00e+00	0.00e+00	0.00e+00	0.00e+00	0.00e+00	0.00e+00	2.80e-03	1.68e-04	1.55e-04
 2.11633e+18	3.73e-03	9.96e-01	0.00e+00	0.00e+00	0.00e+00	0.00e+00	0.00e+00	0.00e+00	0.00e+00	3.34e-03	2.02e-04	1.85e-04
 2.12826e+18	4.34e-03	9.96e-01	0.00e+00	0.00e+00	0.00e+00	0.00e+00	0.00e+00	0.00e+00	0.00e+00	3.88e-03	2.35e-04	2.16e-04
 2.13732e+18	4.92e-03	9.95e-01	0.00e+00	0.00e+00	0.00e+00	0.00e+00	0.00e+00	0.00e+00	0.00e+00	4.41e-03	2.67e-04	2.46e-04
 2.14678e+18	5.67e-03	9.94e-01	0.00e+00	0.00e+00	0.00e+00	0.00e+00	0.00e+00	0.00e+00	0.00e+00	5.08e-03	3.09e-04	2.84e-04
 2.15677e+18	6.70e-03	9.93e-01	0.00e+00	0.00e+00	0.00e+00	0.00e+00	0.00e+00	0.00e+00	0.00e+00	6.00e-03	3.66e-04	3.35e-04
 2.16479e+18	7.80e-03	9.92e-01	0.00e+00	0.00e+00	0.00e+00	0.00e+00	0.00e+00	0.00e+00	0.00e+00	6.99e-03	4.27e-04	3.91e-04
 2.17089e+18	8.87e-03	9.91e-01	0.00e+00	0.00e+00	0.00e+00	0.00e+00	0.00e+00	0.00e+00	0.00e+00	7.94e-03	4.86e-04	4.45e-04
 2.17628e+18	1.00e-02	9.90e-01	0.00e+00	0.00e+00	0.00e+00	0.00e+00	0.00e+00	0.00e+00	0.00e+00	8.99e-03	5.50e-04	5.04e-04
 2.18242e+18	1.17e-02	9.88e-01	0.00e+00	0.00e+00	0.00e+00	0.00e+00	0.00e+00	0.00e+00	0.00e+00	1.05e-02	6.43e-04	5.88e-04
 2.18878e+18	1.40e-02	9.86e-01	0.00e+00	0.00e+00	0.00e+00	0.00e+00	0.00e+00	0.00e+00	0.00e+00	1.25e-02	7.70e-04	7.04e-04
 2.19377e+18	1.65e-02	9.83e-01	0.00e+00	0.00e+00	0.00e+00	0.00e+00	0.00e+00	0.00e+00	0.00e+00	1.48e-02	9.07e-04	8.30e-04
 2.19770e+18	1.91e-02	9.81e-01	0.00e+00	0.00e+00	0.00e+00	0.00e+00	0.00e+00	0.00e+00	0.00e+00	1.71e-02	1.05e-03	9.59e-04
 2.20133e+18	2.22e-02	9.78e-01	0.00e+00	0.00e+00	0.00e+00	0.00e+00	0.00e+00	0.00e+00	0.00e+00	1.98e-02	1.22e-03	1.11e-03
 2.20490e+18	2.61e-02	9.74e-01	0.00e+00	0.00e+00	0.00e+00	0.00e+00	0.00e+00	0.00e+00	0.00e+00	2.34e-02	1.43e-03	1.31e-03
 2.20837e+18	3.13e-02	9.69e-01	0.00e+00	0.00e+00	0.00e+00	0.00e+00	0.00e+00	0.00e+00	0.00e+00	2.80e-02	1.71e-03	1.57e-03
 2.21141e+18	3.76e-02	9.62e-01	0.00e+00	0.00e+00	0.00e+00	0.00e+00	0.00e+00	0.00e+00	0.00e+00	3.37e-02	2.05e-03	1.88e-03
 2.21404e+18	4.52e-02	9.55e-01	0.00e+00	0.00e+00	0.00e+00	0.00e+00	0.00e+00	0.00e+00	0.00e+00	4.05e-02	2.45e-03	2.25e-03
 2.21664e+18	5.58e-02	9.44e-01	0.00e+00	0.00e+00	0.00e+00	0.00e+00	0.00e+00	0.00e+00	0.00e+00	5.00e-02	3.01e-03	2.76e-03
 2.21905e+18	7.02e-02	9.30e-01	0.00e+00	0.00e+00	0.00e+00	0.00e+00	0.00e+00	0.00e+00	0.00e+00	6.30e-02	3.75e-03	3.46e-03
 2.22101e+18	8.80e-02	9.12e-01	0.00e+00	0.00e+00	0.00e+00	0.00e+00	0.00e+00	0.00e+00	0.00e+00	7.90e-02	4.65e-03	4.29e-03
 2.22253e+18	1.08e-01	8.92e-01	0.00e+00	0.00e+00	0.00e+00	0.00e+00	0.00e+00	0.00e+00	0.00e+00	9.72e-02	5.64e-03	5.22e-03
 2.22372e+18	1.30e-01	8.70e-01	0.00e+00	0.00e+00	0.00e+00	0.00e+00	0.00e+00	0.00e+00	0.00e+00	1.17e-01	6.70e-03	6.22e-03
 2.22474e+18	1.56e-01	8.44e-01	0.00e+00	0.00e+00	0.00e+00	0.00e+00	0.00e+00	0.00e+00	0.00e+00	1.40e-01	7.88e-03	7.35e-03
 2.22568e+18	1.87e-01	8.13e-01	0.00e+00	0.00e+00	0.00e+00	0.00e+00	0.00e+00	0.00e+00	0.00e+00	1.69e-01	9.26e-03	8.68e-03
 2.22654e+18	2.26e-01	7.74e-01	0.00e+00	0.00e+00	0.00e+00	0.00e+00	0.00e+00	0.00e+00	0.00e+00	2.05e-01	1.09e-02	1.02e-02
 2.22731e+18	2.71e-01	7.29e-01	0.00e+00	0.00e+00	0.00e+00	0.00e+00	0.00e+00	0.00e+00	0.00e+00	2.47e-01	1.26e-02	1.20e-02
 2.22792e+18	3.19e-01	6.81e-01	0.00e+00	0.00e+00	0.00e+00	0.00e+00	0.00e+00	0.00e+00	0.00e+00	2.91e-01	1.42e-02	1.36e-02
 2.22837e+18	3.60e-01	6.40e-01	0.00e+00	0.00e+00	0.00e+00	0.00e+00	0.00e+00	0.00e+00	0.00e+00	3.30e-01	1.55e-02	1.49e-02
 2.22869e+18	3.93e-01	6.07e-01	0.00e+00	0.00e+00	0.00e+00	0.00e+00	0.00e+00	0.00e+00	0.00e+00	3.60e-01	1.64e-02	1.59e-02
 2.22894e+18	4.21e-01	5.79e-01	0.00e+00	0.00e+00	0.00e+00	0.00e+00	0.00e+00	0.00e+00	0.00e+00	3.87e-01	1.70e-02	1.66e-02
 2.22916e+18	4.47e-01	5.53e-01	0.00e+00	0.00e+00	0.00e+00	0.00e+00	0.00e+00	0.00e+00	0.00e+00	4.12e-01	1.76e-02	1.73e-02
 2.22937e+18	4.74e-01	5.26e-01	0.00e+00	0.00e+00	0.00e+00	0.00e+00	0.00e+00	0.00e+00	0.00e+00	4.38e-01	1.81e-02	1.78e-02
 2.22956e+18	4.99e-01	5.01e-01	0.00e+00	0.00e+00	0.00e+00	0.00e+00	0.00e+00	0.00e+00	0.00e+00	4.63e-01	1.85e-02	1.83e-02
 2.22974e+18	5.24e-01	4.76e-01	0.00e+00	0.00e+00	0.00e+00	0.00e+00	0.00e+00	0.00e+00	0.00e+00	4.86e-01	1.89e-02	1.88e-02
 2.22990e+18	5.46e-01	4.54e-01	0.00e+00	0.00e+00	0.00e+00	0.00e+00	0.00e+00	0.00e+00	0.00e+00	5.08e-01	1.91e-02	1.91e-02
 2.23004e+18	5.66e-01	4.34e-01	0.00e+00	0.00e+00	0.00e+00	0.00e+00	0.00e+00	0.00e+00	0.00e+00	5.28e-01	1.93e-02	1.93e-02
 2.23018e+18	5.86e-01	4.14e-01	0.00e+00	0.00e+00	0.00e+00	0.00e+00	0.00e+00	0.00e+00	0.00e+00	5.47e-01	1.94e-02	1.95e-02
 2.23028e+18	6.01e-01	3.99e-01	0.00e+00	0.00e+00	0.00e+00	0.00e+00	0.00e+00	0.00e+00	0.00e+00	5.62e-01	1.94e-02	1.97e-02
 2.23036e+18	6.12e-01	3.88e-01	0.00e+00	0.00e+00	0.00e+00	0.00e+00	0.00e+00	0.00e+00	0.00e+00	5.73e-01	1.95e-02	1.97e-02
 2.23044e+18	6.24e-01	3.76e-01	0.00e+00	0.00e+00	0.00e+00	0.00e+00	0.00e+00	0.00e+00	0.00e+00	5.84e-01	1.95e-02	1.98e-02
 2.23052e+18	6.35e-01	3.65e-01	0.00e+00	0.00e+00	0.00e+00	0.00e+00	0.00e+00	0.00e+00	0.00e+00	5.96e-01	1.95e-02	1.98e-02
 2.23060e+18	6.48e-01	3.52e-01	0.00e+00	0.00e+00	0.00e+00	0.00e+00	0.00e+00	0.00e+00	0.00e+00	6.08e-01	1.94e-02	1.99e-02
 2.23069e+18	6.60e-01	3.40e-01	0.00e+00	0.00e+00	0.00e+00	0.00e+00	0.00e+00	0.00e+00	0.00e+00	6.21e-01	1.94e-02	1.99e-02
 2.23077e+18	6.71e-01	3.29e-01	0.00e+00	0.00e+00	0.00e+00	0.00e+00	0.00e+00	0.00e+00	0.00e+00	6.32e-01	1.93e-02	1.98e-02
 2.23084e+18	6.82e-01	3.18e-01	0.00e+00	0.00e+00	0.00e+00	0.00e+00	0.00e+00	0.00e+00	0.00e+00	6.43e-01	1.92e-02	1.98e-02
 2.23092e+18	6.94e-01	3.06e-01	0.00e+00	0.00e+00	0.00e+00	0.00e+00	0.00e+00	0.00e+00	0.00e+00	6.55e-01	1.91e-02	1.97e-02
 2.23100e+18	7.05e-01	2.95e-01	0.00e+00	0.00e+00	0.00e+00	0.00e+00	0.00e+00	0.00e+00	0.00e+00	6.66e-01	1.90e-02	1.95e-02
 2.23108e+18	7.16e-01	2.84e-01	0.00e+00	0.00e+00	0.00e+00	0.00e+00	0.00e+00	0.00e+00	0.00e+00	6.77e-01	1.88e-02	1.94e-02
 2.23115e+18	7.26e-01	2.74e-01	0.00e+00	0.00e+00	0.00e+00	0.00e+00	0.00e+00	0.00e+00	0.00e+00	6.88e-01	1.87e-02	1.92e-02
 2.23123e+18	7.36e-01	2.64e-01	0.00e+00	0.00e+00	0.00e+00	0.00e+00	0.00e+00	0.00e+00	0.00e+00	6.99e-01	1.85e-02	1.90e-02
 2.23130e+18	7.46e-01	2.54e-01	0.00e+00	0.00e+00	0.00e+00	0.00e+00	0.00e+00	0.00e+00	0.00e+00	7.09e-01	1.83e-02	1.88e-02
 2.23138e+18	7.56e-01	2.44e-01	0.00e+00	0.00e+00	0.00e+00	0.00e+00	0.00e+00	0.00e+00	0.00e+00	7.19e-01	1.81e-02	1.86e-02
 2.23145e+18	7.66e-01	2.34e-01	0.00e+00	0.00e+00	0.00e+00	0.00e+00	0.00e+00	0.00e+00	0.00e+00	7.29e-01	1.79e-02	1.84e-02
 2.23152e+18	7.76e-01	2.24e-01	0.00e+00	0.00e+00	0.00e+00	0.00e+00	0.00e+00	0.00e+00	0.00e+00	7.40e-01	1.76e-02	1.81e-02
 2.23159e+18	7.84e-01	2.16e-01	0.00e+00	0.00e+00	0.00e+00	0.00e+00	0.00e+00	0.00e+00	0.00e+00	7.49e-01	1.74e-02	1.79e-02
 2.23165e+18	7.92e-01	2.08e-01	0.00e+00	0.00e+00	0.00e+00	0.00e+00	0.00e+00	0.00e+00	0.00e+00	7.58e-01	1.72e-02	1.76e-02
 2.23171e+18	7.99e-01	2.01e-01	0.00e+00	0.00e+00	0.00e+00	0.00e+00	0.00e+00	0.00e+00	0.00e+00	7.65e-01	1.70e-02	1.74e-02
 2.23178e+18	8.08e-01	1.92e-01	0.00e+00	0.00e+00	0.00e+00	0.00e+00	0.00e+00	0.00e+00	0.00e+00	7.74e-01	1.67e-02	1.71e-02
 2.23184e+18	8.14e-01	1.86e-01	0.00e+00	0.00e+00	0.00e+00	0.00e+00	0.00e+00	0.00e+00	0.00e+00	7.81e-01	1.65e-02	1.69e-02
 2.23190e+18	8.21e-01	1.79e-01	0.00e+00	0.00e+00	0.00e+00	0.00e+00	0.00e+00	0.00e+00	0.00e+00	7.88e-01	1.62e-02	1.66e-02
 2.23196e+18	8.28e-01	1.72e-01	0.00e+00	0.00e+00	0.00e+00	0.00e+00	0.00e+00	0.00e+00	0.00e+00	7.95e-01	1.60e-02	1.63e-02
 2.23202e+18	8.35e-01	1.65e-01	0.00e+00	0.00e+00	0.00e+00	0.00e+00	0.00e+00	0.00e+00	0.00e+00	8.03e-01	1.57e-02	1.60e-02
 2.23208e+18	8.41e-01	1.59e-01	0.00e+00	0.00e+00	0.00e+00	0.00e+00	0.00e+00	0.00e+00	0.00e+00	8.10e-01	1.54e-02	1.57e-02
 2.23214e+18	8.47e-01	1.53e-01	0.00e+00	0.00e+00	0.00e+00	0.00e+00	0.00e+00	0.00e+00	0.00e+00	8.17e-01	1.51e-02	1.54e-02
 2.23219e+18	8.54e-01	1.46e-01	0.00e+00	0.00e+00	0.00e+00	0.00e+00	0.00e+00	0.00e+00	0.00e+00	8.24e-01	1.49e-02	1.51e-02
 2.23225e+18	8.59e-01	1.41e-01	0.00e+00	0.00e+00	0.00e+00	0.00e+00	0.00e+00	0.00e+00	0.00e+00	8.30e-01	1.46e-02	1.47e-02
 2.23231e+18	8.65e-01	1.35e-01	0.00e+00	0.00e+00	0.00e+00	0.00e+00	0.00e+00	0.00e+00	0.00e+00	8.36e-01	1.43e-02	1.44e-02
 2.23236e+18	8.70e-01	1.30e-01	0.00e+00	0.00e+00	0.00e+00	0.00e+00	0.00e+00	0.00e+00	0.00e+00	8.42e-01	1.40e-02	1.41e-02
 2.23242e+18	8.76e-01	1.24e-01	0.00e+00	0.00e+00	0.00e+00	0.00e+00	0.00e+00	0.00e+00	0.00e+00	8.48e-01	1.37e-02	1.37e-02
 2.23247e+18	8.81e-01	1.19e-01	0.00e+00	0.00e+00	0.00e+00	0.00e+00	0.00e+00	0.00e+00	0.00e+00	8.55e-01	1.33e-02	1.33e-02
 2.23253e+18	8.86e-01	1.14e-01	0.00e+00	0.00e+00	0.00e+00	0.00e+00	0.00e+00	0.00e+00	0.00e+00	8.61e-01	1.30e-02	1.29e-02
 2.23258e+18	8.91e-01	1.09e-01	0.00e+00	0.00e+00	0.00e+00	0.00e+00	0.00e+00	0.00e+00	0.00e+00	8.66e-01	1.26e-02	1.25e-02
 2.23263e+18	8.96e-01	1.04e-01	0.00e+00	0.00e+00	0.00e+00	0.00e+00	0.00e+00	0.00e+00	0.00e+00	8.72e-01	1.23e-02	1.21e-02
 2.23267e+18	9.00e-01	1.00e-01	0.00e+00	0.00e+00	0.00e+00	0.00e+00	0.00e+00	0.00e+00	0.00e+00	8.76e-01	1.20e-02	1.18e-02
 2.23271e+18	9.04e-01	9.65e-02	0.00e+00	0.00e+00	0.00e+00	0.00e+00	0.00e+00	0.00e+00	0.00e+00	8.81e-01	1.16e-02	1.14e-02
 2.23275e+18	9.07e-01	9.33e-02	0.00e+00	0.00e+00	0.00e+00	0.00e+00	0.00e+00	0.00e+00	0.00e+00	8.84e-01	1.13e-02	1.10e-02
 2.23278e+18	9.10e-01	9.00e-02	0.00e+00	0.00e+00	0.00e+00	0.00e+00	0.00e+00	0.00e+00	0.00e+00	8.88e-01	1.10e-02	1.07e-02
 2.23280e+18	9.13e-01	8.73e-02	0.00e+00	0.00e+00	0.00e+00	0.00e+00	0.00e+00	0.00e+00	0.00e+00	8.92e-01	1.07e-02	1.04e-02
 2.23283e+18	9.15e-01	8.47e-02	0.00e+00	0.00e+00	0.00e+00	0.00e+00	0.00e+00	0.00e+00	0.00e+00	8.95e-01	1.05e-02	1.00e-02
