#depth	O  1	O  2	O  3	O  4	O  5	O  6	O  7	O  8	O  9	O1	O1*	O1**
 7.69747e+13	0.00e+00	1.09e-05	1.26e-01	8.73e-01	7.99e-04	4.59e-12	0.00e+00	0.00e+00	0.00e+00	0.00e+00	0.00e+00	0.00e+00
 4.61848e+14	0.00e+00	1.12e-05	1.28e-01	8.71e-01	7.83e-04	0.00e+00	0.00e+00	0.00e+00	0.00e+00	0.00e+00	0.00e+00	0.00e+00
 1.78521e+15	0.00e+00	1.25e-05	1.35e-01	8.64e-01	7.34e-04	0.00e+00	0.00e+00	0.00e+00	0.00e+00	0.00e+00	0.00e+00	0.00e+00
 3.85676e+15	0.00e+00	1.45e-05	1.46e-01	8.53e-01	6.65e-04	0.00e+00	0.00e+00	0.00e+00	0.00e+00	0.00e+00	0.00e+00	0.00e+00
 6.01117e+15	0.00e+00	1.69e-05	1.58e-01	8.41e-01	6.01e-04	0.00e+00	0.00e+00	0.00e+00	0.00e+00	0.00e+00	0.00e+00	0.00e+00
 8.25175e+15	0.00e+00	1.98e-05	1.71e-01	8.28e-01	5.42e-04	0.00e+00	0.00e+00	0.00e+00	0.00e+00	0.00e+00	0.00e+00	0.00e+00
 1.05820e+16	0.00e+00	2.31e-05	1.86e-01	8.14e-01	4.87e-04	0.00e+00	0.00e+00	0.00e+00	0.00e+00	0.00e+00	0.00e+00	0.00e+00
 1.30054e+16	0.00e+00	2.70e-05	2.01e-01	7.98e-01	4.36e-04	0.00e+00	0.00e+00	0.00e+00	0.00e+00	0.00e+00	0.00e+00	0.00e+00
 1.55257e+16	0.00e+00	3.16e-05	2.18e-01	7.81e-01	3.90e-04	0.00e+00	0.00e+00	0.00e+00	0.00e+00	0.00e+00	0.00e+00	0.00e+00
 1.81469e+16	0.00e+00	3.70e-05	2.37e-01	7.62e-01	3.46e-04	0.00e+00	0.00e+00	0.00e+00	0.00e+00	0.00e+00	0.00e+00	0.00e+00
 2.08729e+16	0.00e+00	4.33e-05	2.58e-01	7.42e-01	3.06e-04	0.00e+00	0.00e+00	0.00e+00	0.00e+00	0.00e+00	0.00e+00	0.00e+00
 2.37080e+16	0.00e+00	5.09e-05	2.81e-01	7.19e-01	2.70e-04	0.00e+00	0.00e+00	0.00e+00	0.00e+00	0.00e+00	0.00e+00	0.00e+00
 2.66564e+16	0.00e+00	5.97e-05	3.06e-01	6.94e-01	2.35e-04	0.00e+00	0.00e+00	0.00e+00	0.00e+00	0.00e+00	0.00e+00	0.00e+00
 2.97228e+16	0.00e+00	7.03e-05	3.34e-01	6.66e-01	2.04e-04	0.00e+00	0.00e+00	0.00e+00	0.00e+00	0.00e+00	0.00e+00	0.00e+00
 3.29119e+16	0.00e+00	8.28e-05	3.65e-01	6.35e-01	1.75e-04	0.00e+00	0.00e+00	0.00e+00	0.00e+00	0.00e+00	0.00e+00	0.00e+00
 3.62285e+16	0.00e+00	9.77e-05	4.00e-01	6.00e-01	1.48e-04	0.00e+00	0.00e+00	0.00e+00	0.00e+00	0.00e+00	0.00e+00	0.00e+00
 3.96778e+16	0.00e+00	1.15e-04	4.39e-01	5.61e-01	1.23e-04	0.00e+00	0.00e+00	0.00e+00	0.00e+00	0.00e+00	0.00e+00	0.00e+00
 4.32650e+16	0.00e+00	1.37e-04	4.83e-01	5.17e-01	1.00e-04	0.00e+00	0.00e+00	0.00e+00	0.00e+00	0.00e+00	0.00e+00	0.00e+00
 4.69957e+16	0.00e+00	1.62e-04	5.32e-01	4.68e-01	7.98e-05	0.00e+00	0.00e+00	0.00e+00	0.00e+00	0.00e+00	0.00e+00	0.00e+00
 5.07675e+16	0.00e+00	1.91e-04	5.86e-01	4.14e-01	6.17e-05	0.00e+00	0.00e+00	0.00e+00	0.00e+00	0.00e+00	0.00e+00	0.00e+00
 5.43505e+16	0.00e+00	2.23e-04	6.39e-01	3.60e-01	4.69e-05	0.00e+00	0.00e+00	0.00e+00	0.00e+00	0.00e+00	0.00e+00	0.00e+00
 5.76221e+16	0.00e+00	2.54e-04	6.91e-01	3.09e-01	3.53e-05	0.00e+00	0.00e+00	0.00e+00	0.00e+00	0.00e+00	0.00e+00	0.00e+00
 6.06586e+16	0.00e+00	2.85e-04	7.39e-01	2.61e-01	2.61e-05	0.00e+00	0.00e+00	0.00e+00	0.00e+00	0.00e+00	0.00e+00	0.00e+00
 6.36007e+16	0.00e+00	3.17e-04	7.85e-01	2.14e-01	1.88e-05	0.00e+00	0.00e+00	0.00e+00	0.00e+00	0.00e+00	0.00e+00	0.00e+00
 6.69674e+16	0.00e+00	3.54e-04	8.35e-01	1.65e-01	1.22e-05	0.00e+00	0.00e+00	0.00e+00	0.00e+00	0.00e+00	0.00e+00	0.00e+00
 7.05991e+16	0.00e+00	3.93e-04	8.83e-01	1.17e-01	7.06e-06	0.00e+00	0.00e+00	0.00e+00	0.00e+00	0.00e+00	0.00e+00	0.00e+00
 7.38824e+16	0.00e+00	4.27e-04	9.19e-01	8.03e-02	3.98e-06	0.00e+00	0.00e+00	0.00e+00	0.00e+00	0.00e+00	0.00e+00	0.00e+00
 7.74579e+16	0.00e+00	4.62e-04	9.48e-01	5.11e-02	1.99e-06	0.00e+00	0.00e+00	0.00e+00	0.00e+00	0.00e+00	0.00e+00	0.00e+00
 8.20684e+16	0.00e+00	5.03e-04	9.73e-01	2.69e-02	7.50e-07	0.00e+00	0.00e+00	0.00e+00	0.00e+00	0.00e+00	0.00e+00	0.00e+00
 8.73513e+16	0.00e+00	5.49e-04	9.87e-01	1.21e-02	0.00e+00	0.00e+00	0.00e+00	0.00e+00	0.00e+00	0.00e+00	0.00e+00	0.00e+00
 9.28455e+16	0.00e+00	5.95e-04	9.94e-01	5.24e-03	0.00e+00	0.00e+00	0.00e+00	0.00e+00	0.00e+00	0.00e+00	0.00e+00	0.00e+00
 9.85595e+16	0.00e+00	6.43e-04	9.97e-01	2.26e-03	0.00e+00	0.00e+00	0.00e+00	0.00e+00	0.00e+00	0.00e+00	0.00e+00	0.00e+00
 1.04502e+17	0.00e+00	6.95e-04	9.98e-01	1.00e-03	0.00e+00	0.00e+00	0.00e+00	0.00e+00	0.00e+00	0.00e+00	0.00e+00	0.00e+00
 1.10682e+17	0.00e+00	7.51e-04	9.99e-01	4.73e-04	0.00e+00	0.00e+00	0.00e+00	0.00e+00	0.00e+00	0.00e+00	0.00e+00	0.00e+00
 1.17110e+17	0.00e+00	8.11e-04	9.99e-01	2.50e-04	0.00e+00	0.00e+00	0.00e+00	0.00e+00	0.00e+00	0.00e+00	0.00e+00	0.00e+00
 1.23794e+17	0.00e+00	8.77e-04	9.99e-01	1.53e-04	0.00e+00	0.00e+00	0.00e+00	0.00e+00	0.00e+00	0.00e+00	0.00e+00	0.00e+00
 1.30746e+17	0.00e+00	9.47e-04	9.99e-01	1.08e-04	0.00e+00	0.00e+00	0.00e+00	0.00e+00	0.00e+00	0.00e+00	0.00e+00	0.00e+00
 1.37976e+17	0.00e+00	1.02e-03	9.99e-01	8.60e-05	0.00e+00	0.00e+00	0.00e+00	0.00e+00	0.00e+00	0.00e+00	0.00e+00	0.00e+00
 1.45495e+17	1.72e-09	1.10e-03	9.99e-01	7.31e-05	0.00e+00	0.00e+00	0.00e+00	0.00e+00	0.00e+00	1.49e-09	1.26e-10	1.04e-10
 1.53315e+17	2.00e-09	1.19e-03	9.99e-01	6.47e-05	0.00e+00	0.00e+00	0.00e+00	0.00e+00	0.00e+00	1.74e-09	1.46e-10	1.21e-10
 1.61448e+17	2.33e-09	1.29e-03	9.99e-01	5.84e-05	0.00e+00	0.00e+00	0.00e+00	0.00e+00	0.00e+00	2.02e-09	1.70e-10	1.40e-10
 1.69906e+17	2.71e-09	1.39e-03	9.99e-01	5.32e-05	0.00e+00	0.00e+00	0.00e+00	0.00e+00	0.00e+00	2.35e-09	1.97e-10	1.63e-10
 1.78702e+17	3.14e-09	1.51e-03	9.98e-01	4.88e-05	0.00e+00	0.00e+00	0.00e+00	0.00e+00	0.00e+00	2.73e-09	2.29e-10	1.89e-10
 1.87851e+17	3.66e-09	1.63e-03	9.98e-01	4.48e-05	0.00e+00	0.00e+00	0.00e+00	0.00e+00	0.00e+00	3.17e-09	2.66e-10	2.20e-10
 1.97365e+17	4.25e-09	1.76e-03	9.98e-01	4.12e-05	0.00e+00	0.00e+00	0.00e+00	0.00e+00	0.00e+00	3.68e-09	3.09e-10	2.56e-10
 2.07259e+17	4.94e-09	1.90e-03	9.98e-01	3.79e-05	0.00e+00	0.00e+00	0.00e+00	0.00e+00	0.00e+00	4.28e-09	3.59e-10	2.97e-10
 2.17550e+17	5.74e-09	2.05e-03	9.98e-01	3.49e-05	0.00e+00	0.00e+00	0.00e+00	0.00e+00	0.00e+00	4.98e-09	4.17e-10	3.45e-10
 2.28252e+17	6.67e-09	2.22e-03	9.98e-01	3.21e-05	0.00e+00	0.00e+00	0.00e+00	0.00e+00	0.00e+00	5.79e-09	4.85e-10	4.01e-10
 2.39382e+17	7.76e-09	2.40e-03	9.98e-01	2.96e-05	0.00e+00	0.00e+00	0.00e+00	0.00e+00	0.00e+00	6.73e-09	5.64e-10	4.67e-10
 2.50958e+17	9.03e-09	2.59e-03	9.97e-01	2.72e-05	0.00e+00	0.00e+00	0.00e+00	0.00e+00	0.00e+00	7.83e-09	6.55e-10	5.42e-10
 2.62996e+17	1.05e-08	2.80e-03	9.97e-01	2.50e-05	0.00e+00	0.00e+00	0.00e+00	0.00e+00	0.00e+00	9.11e-09	7.61e-10	6.31e-10
 2.75516e+17	1.22e-08	3.03e-03	9.97e-01	2.30e-05	0.00e+00	0.00e+00	0.00e+00	0.00e+00	0.00e+00	1.06e-08	8.85e-10	7.34e-10
 2.88537e+17	1.42e-08	3.28e-03	9.97e-01	2.12e-05	0.00e+00	0.00e+00	0.00e+00	0.00e+00	0.00e+00	1.23e-08	1.03e-09	8.54e-10
 3.02079e+17	1.66e-08	3.55e-03	9.96e-01	1.95e-05	0.00e+00	0.00e+00	0.00e+00	0.00e+00	0.00e+00	1.44e-08	1.20e-09	9.94e-10
 3.16162e+17	1.93e-08	3.84e-03	9.96e-01	1.80e-05	0.00e+00	0.00e+00	0.00e+00	0.00e+00	0.00e+00	1.67e-08	1.39e-09	1.16e-09
 3.30808e+17	2.25e-08	4.15e-03	9.96e-01	1.65e-05	0.00e+00	0.00e+00	0.00e+00	0.00e+00	0.00e+00	1.95e-08	1.62e-09	1.35e-09
 3.46041e+17	2.62e-08	4.49e-03	9.95e-01	1.52e-05	0.00e+00	0.00e+00	0.00e+00	0.00e+00	0.00e+00	2.27e-08	1.89e-09	1.57e-09
 3.61883e+17	3.06e-08	4.86e-03	9.95e-01	1.40e-05	0.00e+00	0.00e+00	0.00e+00	0.00e+00	0.00e+00	2.65e-08	2.21e-09	1.83e-09
 3.78358e+17	3.57e-08	5.26e-03	9.95e-01	1.29e-05	0.00e+00	0.00e+00	0.00e+00	0.00e+00	0.00e+00	3.10e-08	2.57e-09	2.14e-09
 3.95493e+17	4.16e-08	5.69e-03	9.94e-01	1.18e-05	0.00e+00	0.00e+00	0.00e+00	0.00e+00	0.00e+00	3.62e-08	3.00e-09	2.49e-09
 4.13313e+17	4.86e-08	6.16e-03	9.94e-01	1.09e-05	0.00e+00	0.00e+00	0.00e+00	0.00e+00	0.00e+00	4.22e-08	3.50e-09	2.91e-09
 4.31845e+17	5.68e-08	6.67e-03	9.93e-01	1.00e-05	0.00e+00	0.00e+00	0.00e+00	0.00e+00	0.00e+00	4.93e-08	4.09e-09	3.40e-09
 4.51119e+17	6.64e-08	7.23e-03	9.93e-01	9.19e-06	0.00e+00	0.00e+00	0.00e+00	0.00e+00	0.00e+00	5.77e-08	4.77e-09	3.97e-09
 4.71164e+17	7.77e-08	7.83e-03	9.92e-01	8.44e-06	0.00e+00	0.00e+00	0.00e+00	0.00e+00	0.00e+00	6.75e-08	5.58e-09	4.64e-09
 4.92011e+17	9.09e-08	8.49e-03	9.92e-01	7.75e-06	0.00e+00	0.00e+00	0.00e+00	0.00e+00	0.00e+00	7.90e-08	6.53e-09	5.43e-09
 5.13691e+17	1.07e-07	9.20e-03	9.91e-01	7.12e-06	0.00e+00	0.00e+00	0.00e+00	0.00e+00	0.00e+00	9.25e-08	7.64e-09	6.36e-09
 5.36239e+17	1.25e-07	9.97e-03	9.90e-01	6.54e-06	0.00e+00	0.00e+00	0.00e+00	0.00e+00	0.00e+00	1.08e-07	8.94e-09	7.45e-09
 5.59689e+17	1.46e-07	1.08e-02	9.89e-01	6.00e-06	0.00e+00	0.00e+00	0.00e+00	0.00e+00	0.00e+00	1.27e-07	1.05e-08	8.73e-09
 5.84076e+17	1.72e-07	1.17e-02	9.88e-01	5.50e-06	0.00e+00	0.00e+00	0.00e+00	0.00e+00	0.00e+00	1.49e-07	1.23e-08	1.02e-08
 6.09440e+17	2.02e-07	1.27e-02	9.87e-01	5.05e-06	0.00e+00	0.00e+00	0.00e+00	0.00e+00	0.00e+00	1.75e-07	1.44e-08	1.20e-08
 6.35817e+17	2.37e-07	1.38e-02	9.86e-01	4.62e-06	0.00e+00	0.00e+00	0.00e+00	0.00e+00	0.00e+00	2.06e-07	1.69e-08	1.41e-08
 6.63250e+17	2.79e-07	1.50e-02	9.85e-01	4.24e-06	0.00e+00	0.00e+00	0.00e+00	0.00e+00	0.00e+00	2.42e-07	1.99e-08	1.66e-08
 6.91780e+17	3.28e-07	1.63e-02	9.84e-01	3.88e-06	0.00e+00	0.00e+00	0.00e+00	0.00e+00	0.00e+00	2.85e-07	2.34e-08	1.95e-08
 7.21452e+17	3.87e-07	1.77e-02	9.82e-01	3.55e-06	0.00e+00	0.00e+00	0.00e+00	0.00e+00	0.00e+00	3.36e-07	2.75e-08	2.30e-08
 7.52310e+17	4.56e-07	1.93e-02	9.81e-01	3.24e-06	0.00e+00	0.00e+00	0.00e+00	0.00e+00	0.00e+00	3.97e-07	3.25e-08	2.71e-08
 7.84402e+17	5.39e-07	2.10e-02	9.79e-01	2.96e-06	0.00e+00	0.00e+00	0.00e+00	0.00e+00	0.00e+00	4.69e-07	3.83e-08	3.20e-08
 8.17779e+17	6.37e-07	2.29e-02	9.77e-01	2.70e-06	0.00e+00	0.00e+00	0.00e+00	0.00e+00	0.00e+00	5.54e-07	4.52e-08	3.78e-08
 8.52490e+17	7.55e-07	2.49e-02	9.75e-01	2.46e-06	0.00e+00	0.00e+00	0.00e+00	0.00e+00	0.00e+00	6.57e-07	5.35e-08	4.48e-08
 8.88590e+17	8.95e-07	2.72e-02	9.73e-01	2.24e-06	0.00e+00	0.00e+00	0.00e+00	0.00e+00	0.00e+00	7.79e-07	6.34e-08	5.31e-08
 9.26133e+17	1.06e-06	2.97e-02	9.70e-01	2.04e-06	0.00e+00	0.00e+00	0.00e+00	0.00e+00	0.00e+00	9.26e-07	7.52e-08	6.30e-08
 9.65179e+17	1.27e-06	3.24e-02	9.68e-01	1.85e-06	0.00e+00	0.00e+00	0.00e+00	0.00e+00	0.00e+00	1.10e-06	8.94e-08	7.49e-08
 1.00579e+18	1.51e-06	3.54e-02	9.65e-01	1.68e-06	0.00e+00	0.00e+00	0.00e+00	0.00e+00	0.00e+00	1.31e-06	1.06e-07	8.93e-08
 1.04802e+18	1.80e-06	3.88e-02	9.61e-01	1.52e-06	0.00e+00	0.00e+00	0.00e+00	0.00e+00	0.00e+00	1.57e-06	1.27e-07	1.07e-07
 1.09194e+18	2.16e-06	4.25e-02	9.57e-01	1.38e-06	0.00e+00	0.00e+00	0.00e+00	0.00e+00	0.00e+00	1.88e-06	1.52e-07	1.28e-07
 1.13762e+18	2.59e-06	4.66e-02	9.53e-01	1.24e-06	0.00e+00	0.00e+00	0.00e+00	0.00e+00	0.00e+00	2.26e-06	1.82e-07	1.53e-07
 1.18512e+18	3.12e-06	5.12e-02	9.49e-01	1.12e-06	0.00e+00	0.00e+00	0.00e+00	0.00e+00	0.00e+00	2.72e-06	2.19e-07	1.84e-07
 1.23453e+18	3.77e-06	5.64e-02	9.44e-01	1.01e-06	0.00e+00	0.00e+00	0.00e+00	0.00e+00	0.00e+00	3.29e-06	2.64e-07	2.22e-07
 1.28591e+18	4.57e-06	6.21e-02	9.38e-01	9.04e-07	0.00e+00	0.00e+00	0.00e+00	0.00e+00	0.00e+00	3.98e-06	3.19e-07	2.69e-07
 1.33934e+18	5.57e-06	6.87e-02	9.31e-01	0.00e+00	0.00e+00	0.00e+00	0.00e+00	0.00e+00	0.00e+00	4.85e-06	3.88e-07	3.27e-07
 1.39492e+18	6.81e-06	7.60e-02	9.24e-01	0.00e+00	0.00e+00	0.00e+00	0.00e+00	0.00e+00	0.00e+00	5.94e-06	4.73e-07	3.99e-07
 1.45271e+18	8.37e-06	8.44e-02	9.16e-01	0.00e+00	0.00e+00	0.00e+00	0.00e+00	0.00e+00	0.00e+00	7.30e-06	5.80e-07	4.90e-07
 1.51282e+18	1.04e-05	9.40e-02	9.06e-01	0.00e+00	0.00e+00	0.00e+00	0.00e+00	0.00e+00	0.00e+00	9.04e-06	7.16e-07	6.05e-07
 1.57534e+18	1.29e-05	1.05e-01	8.95e-01	0.00e+00	0.00e+00	0.00e+00	0.00e+00	0.00e+00	0.00e+00	1.13e-05	8.91e-07	7.54e-07
 1.64035e+18	1.63e-05	1.18e-01	8.82e-01	0.00e+00	0.00e+00	0.00e+00	0.00e+00	0.00e+00	0.00e+00	1.42e-05	1.12e-06	9.47e-07
 1.70230e+18	2.02e-05	1.32e-01	8.68e-01	0.00e+00	0.00e+00	0.00e+00	0.00e+00	0.00e+00	0.00e+00	1.77e-05	1.39e-06	1.18e-06
 1.75780e+18	2.47e-05	1.46e-01	8.54e-01	0.00e+00	0.00e+00	0.00e+00	0.00e+00	0.00e+00	0.00e+00	2.16e-05	1.69e-06	1.43e-06
 1.81917e+18	3.11e-05	1.64e-01	8.36e-01	0.00e+00	0.00e+00	0.00e+00	0.00e+00	0.00e+00	0.00e+00	2.71e-05	2.12e-06	1.80e-06
 1.88511e+18	3.98e-05	1.86e-01	8.14e-01	0.00e+00	0.00e+00	0.00e+00	0.00e+00	0.00e+00	0.00e+00	3.48e-05	2.71e-06	2.31e-06
 1.94238e+18	4.98e-05	2.09e-01	7.91e-01	0.00e+00	0.00e+00	0.00e+00	0.00e+00	0.00e+00	0.00e+00	4.36e-05	3.39e-06	2.88e-06
 1.99300e+18	6.14e-05	2.33e-01	7.67e-01	0.00e+00	0.00e+00	0.00e+00	0.00e+00	0.00e+00	0.00e+00	5.37e-05	4.16e-06	3.55e-06
 2.03913e+18	7.49e-05	2.59e-01	7.41e-01	0.00e+00	0.00e+00	0.00e+00	0.00e+00	0.00e+00	0.00e+00	6.55e-05	5.07e-06	4.32e-06
 2.07901e+18	8.99e-05	2.85e-01	7.15e-01	0.00e+00	0.00e+00	0.00e+00	0.00e+00	0.00e+00	0.00e+00	7.86e-05	6.07e-06	5.18e-06
 2.11347e+18	1.06e-04	3.11e-01	6.89e-01	0.00e+00	0.00e+00	0.00e+00	0.00e+00	0.00e+00	0.00e+00	9.29e-05	7.16e-06	6.11e-06
 2.14401e+18	1.24e-04	3.39e-01	6.61e-01	0.00e+00	0.00e+00	0.00e+00	0.00e+00	0.00e+00	0.00e+00	1.09e-04	8.36e-06	7.13e-06
 2.17142e+18	1.44e-04	3.68e-01	6.32e-01	0.00e+00	0.00e+00	0.00e+00	0.00e+00	0.00e+00	0.00e+00	1.26e-04	9.68e-06	8.27e-06
 2.19583e+18	1.65e-04	3.98e-01	6.02e-01	0.00e+00	0.00e+00	0.00e+00	0.00e+00	0.00e+00	0.00e+00	1.45e-04	1.11e-05	9.50e-06
 2.21721e+18	1.88e-04	4.29e-01	5.71e-01	0.00e+00	0.00e+00	0.00e+00	0.00e+00	0.00e+00	0.00e+00	1.65e-04	1.27e-05	1.08e-05
 2.23575e+18	2.12e-04	4.61e-01	5.39e-01	0.00e+00	0.00e+00	0.00e+00	0.00e+00	0.00e+00	0.00e+00	1.86e-04	1.43e-05	1.22e-05
 2.25185e+18	2.37e-04	4.93e-01	5.07e-01	0.00e+00	0.00e+00	0.00e+00	0.00e+00	0.00e+00	0.00e+00	2.08e-04	1.59e-05	1.36e-05
 2.26595e+18	2.63e-04	5.26e-01	4.74e-01	0.00e+00	0.00e+00	0.00e+00	0.00e+00	0.00e+00	0.00e+00	2.30e-04	1.76e-05	1.51e-05
 2.27831e+18	2.90e-04	5.59e-01	4.41e-01	0.00e+00	0.00e+00	0.00e+00	0.00e+00	0.00e+00	0.00e+00	2.54e-04	1.94e-05	1.66e-05
 2.28911e+18	3.17e-04	5.93e-01	4.07e-01	0.00e+00	0.00e+00	0.00e+00	0.00e+00	0.00e+00	0.00e+00	2.77e-04	2.12e-05	1.82e-05
 2.29849e+18	3.44e-04	6.27e-01	3.73e-01	0.00e+00	0.00e+00	0.00e+00	0.00e+00	0.00e+00	0.00e+00	3.01e-04	2.30e-05	1.97e-05
 2.30663e+18	3.71e-04	6.60e-01	3.40e-01	0.00e+00	0.00e+00	0.00e+00	0.00e+00	0.00e+00	0.00e+00	3.25e-04	2.48e-05	2.12e-05
 2.31371e+18	3.97e-04	6.93e-01	3.07e-01	0.00e+00	0.00e+00	0.00e+00	0.00e+00	0.00e+00	0.00e+00	3.48e-04	2.66e-05	2.28e-05
 2.31988e+18	4.23e-04	7.25e-01	2.74e-01	0.00e+00	0.00e+00	0.00e+00	0.00e+00	0.00e+00	0.00e+00	3.70e-04	2.84e-05	2.43e-05
 2.32527e+18	4.48e-04	7.56e-01	2.43e-01	0.00e+00	0.00e+00	0.00e+00	0.00e+00	0.00e+00	0.00e+00	3.92e-04	3.00e-05	2.57e-05
 2.32996e+18	4.72e-04	7.86e-01	2.13e-01	0.00e+00	0.00e+00	0.00e+00	0.00e+00	0.00e+00	0.00e+00	4.13e-04	3.16e-05	2.71e-05
 2.33406e+18	4.94e-04	8.14e-01	1.85e-01	0.00e+00	0.00e+00	0.00e+00	0.00e+00	0.00e+00	0.00e+00	4.33e-04	3.31e-05	2.83e-05
 2.33763e+18	5.15e-04	8.40e-01	1.59e-01	0.00e+00	0.00e+00	0.00e+00	0.00e+00	0.00e+00	0.00e+00	4.51e-04	3.45e-05	2.95e-05
 2.34077e+18	5.33e-04	8.64e-01	1.35e-01	0.00e+00	0.00e+00	0.00e+00	0.00e+00	0.00e+00	0.00e+00	4.67e-04	3.58e-05	3.06e-05
 2.34352e+18	5.50e-04	8.86e-01	1.13e-01	0.00e+00	0.00e+00	0.00e+00	0.00e+00	0.00e+00	0.00e+00	4.82e-04	3.69e-05	3.16e-05
 2.34595e+18	5.65e-04	9.05e-01	9.41e-02	0.00e+00	0.00e+00	0.00e+00	0.00e+00	0.00e+00	0.00e+00	4.95e-04	3.79e-05	3.24e-05
 2.34810e+18	5.78e-04	9.22e-01	7.73e-02	0.00e+00	0.00e+00	0.00e+00	0.00e+00	0.00e+00	0.00e+00	5.06e-04	3.88e-05	3.32e-05
 2.35001e+18	5.89e-04	9.37e-01	6.27e-02	0.00e+00	0.00e+00	0.00e+00	0.00e+00	0.00e+00	0.00e+00	5.15e-04	3.95e-05	3.38e-05
 2.35172e+18	5.97e-04	9.49e-01	5.03e-02	0.00e+00	0.00e+00	0.00e+00	0.00e+00	0.00e+00	0.00e+00	5.23e-04	4.02e-05	3.43e-05
 2.35325e+18	6.05e-04	9.59e-01	3.99e-02	0.00e+00	0.00e+00	0.00e+00	0.00e+00	0.00e+00	0.00e+00	5.29e-04	4.06e-05	3.47e-05
 2.35465e+18	6.10e-04	9.68e-01	3.13e-02	0.00e+00	0.00e+00	0.00e+00	0.00e+00	0.00e+00	0.00e+00	5.34e-04	4.10e-05	3.50e-05
 2.35592e+18	6.14e-04	9.75e-01	2.43e-02	0.00e+00	0.00e+00	0.00e+00	0.00e+00	0.00e+00	0.00e+00	5.38e-04	4.13e-05	3.53e-05
 2.35711e+18	6.17e-04	9.81e-01	1.86e-02	0.00e+00	0.00e+00	0.00e+00	0.00e+00	0.00e+00	0.00e+00	5.40e-04	4.15e-05	3.55e-05
 2.35823e+18	6.19e-04	9.85e-01	1.40e-02	0.00e+00	0.00e+00	0.00e+00	0.00e+00	0.00e+00	0.00e+00	5.42e-04	4.16e-05	3.56e-05
 2.35930e+18	6.20e-04	9.89e-01	1.04e-02	0.00e+00	0.00e+00	0.00e+00	0.00e+00	0.00e+00	0.00e+00	5.43e-04	4.17e-05	3.56e-05
 2.36036e+18	6.20e-04	9.92e-01	7.54e-03	0.00e+00	0.00e+00	0.00e+00	0.00e+00	0.00e+00	0.00e+00	5.43e-04	4.17e-05	3.56e-05
 2.36157e+18	6.20e-04	9.94e-01	5.07e-03	0.00e+00	0.00e+00	0.00e+00	0.00e+00	0.00e+00	0.00e+00	5.43e-04	4.17e-05	3.56e-05
 2.36292e+18	6.20e-04	9.96e-01	3.21e-03	0.00e+00	0.00e+00	0.00e+00	0.00e+00	0.00e+00	0.00e+00	5.42e-04	4.16e-05	3.55e-05
 2.36445e+18	6.20e-04	9.98e-01	1.87e-03	0.00e+00	0.00e+00	0.00e+00	0.00e+00	0.00e+00	0.00e+00	5.43e-04	4.16e-05	3.55e-05
 2.36643e+18	6.22e-04	9.98e-01	9.30e-04	0.00e+00	0.00e+00	0.00e+00	0.00e+00	0.00e+00	0.00e+00	5.45e-04	4.16e-05	3.56e-05
 2.36901e+18	6.26e-04	9.99e-01	3.84e-04	0.00e+00	0.00e+00	0.00e+00	0.00e+00	0.00e+00	0.00e+00	5.49e-04	4.19e-05	3.58e-05
 2.37235e+18	6.33e-04	9.99e-01	1.28e-04	0.00e+00	0.00e+00	0.00e+00	0.00e+00	0.00e+00	0.00e+00	5.55e-04	4.23e-05	3.62e-05
 2.37671e+18	6.43e-04	9.99e-01	3.36e-05	0.00e+00	0.00e+00	0.00e+00	0.00e+00	0.00e+00	0.00e+00	5.63e-04	4.29e-05	3.67e-05
 2.38237e+18	6.55e-04	9.99e-01	6.66e-06	0.00e+00	0.00e+00	0.00e+00	0.00e+00	0.00e+00	0.00e+00	5.74e-04	4.37e-05	3.74e-05
 2.38973e+18	6.71e-04	9.99e-01	9.46e-07	0.00e+00	0.00e+00	0.00e+00	0.00e+00	0.00e+00	0.00e+00	5.88e-04	4.48e-05	3.84e-05
 2.39929e+18	6.94e-04	9.99e-01	0.00e+00	0.00e+00	0.00e+00	0.00e+00	0.00e+00	0.00e+00	0.00e+00	6.08e-04	4.63e-05	3.96e-05
 2.41173e+18	7.24e-04	9.99e-01	0.00e+00	0.00e+00	0.00e+00	0.00e+00	0.00e+00	0.00e+00	0.00e+00	6.34e-04	4.83e-05	4.14e-05
 2.42790e+18	7.67e-04	9.99e-01	0.00e+00	0.00e+00	0.00e+00	0.00e+00	0.00e+00	0.00e+00	0.00e+00	6.72e-04	5.11e-05	4.38e-05
 2.44891e+18	8.30e-04	9.99e-01	0.00e+00	0.00e+00	0.00e+00	0.00e+00	0.00e+00	0.00e+00	0.00e+00	7.27e-04	5.52e-05	4.73e-05
 2.47623e+18	9.24e-04	9.99e-01	0.00e+00	0.00e+00	0.00e+00	0.00e+00	0.00e+00	0.00e+00	0.00e+00	8.10e-04	6.14e-05	5.27e-05
 2.51175e+18	1.07e-03	9.99e-01	0.00e+00	0.00e+00	0.00e+00	0.00e+00	0.00e+00	0.00e+00	0.00e+00	9.42e-04	7.13e-05	6.12e-05
 2.55122e+18	1.30e-03	9.99e-01	0.00e+00	0.00e+00	0.00e+00	0.00e+00	0.00e+00	0.00e+00	0.00e+00	1.14e-03	8.61e-05	7.40e-05
 2.58641e+18	1.59e-03	9.98e-01	0.00e+00	0.00e+00	0.00e+00	0.00e+00	0.00e+00	0.00e+00	0.00e+00	1.40e-03	1.05e-04	9.04e-05
 2.61415e+18	1.92e-03	9.98e-01	0.00e+00	0.00e+00	0.00e+00	0.00e+00	0.00e+00	0.00e+00	0.00e+00	1.69e-03	1.26e-04	1.09e-04
 2.63567e+18	2.26e-03	9.98e-01	0.00e+00	0.00e+00	0.00e+00	0.00e+00	0.00e+00	0.00e+00	0.00e+00	1.99e-03	1.48e-04	1.28e-04
 2.65394e+18	2.65e-03	9.97e-01	0.00e+00	0.00e+00	0.00e+00	0.00e+00	0.00e+00	0.00e+00	0.00e+00	2.33e-03	1.73e-04	1.50e-04
 2.67072e+18	3.12e-03	9.97e-01	0.00e+00	0.00e+00	0.00e+00	0.00e+00	0.00e+00	0.00e+00	0.00e+00	2.74e-03	2.03e-04	1.76e-04
 2.68609e+18	3.69e-03	9.96e-01	0.00e+00	0.00e+00	0.00e+00	0.00e+00	0.00e+00	0.00e+00	0.00e+00	3.25e-03	2.39e-04	2.07e-04
 2.69950e+18	4.37e-03	9.96e-01	0.00e+00	0.00e+00	0.00e+00	0.00e+00	0.00e+00	0.00e+00	0.00e+00	3.84e-03	2.82e-04	2.45e-04
 2.71087e+18	5.14e-03	9.95e-01	0.00e+00	0.00e+00	0.00e+00	0.00e+00	0.00e+00	0.00e+00	0.00e+00	4.52e-03	3.31e-04	2.87e-04
 2.72071e+18	6.02e-03	9.94e-01	0.00e+00	0.00e+00	0.00e+00	0.00e+00	0.00e+00	0.00e+00	0.00e+00	5.30e-03	3.86e-04	3.36e-04
 2.72955e+18	7.07e-03	9.93e-01	0.00e+00	0.00e+00	0.00e+00	0.00e+00	0.00e+00	0.00e+00	0.00e+00	6.23e-03	4.51e-04	3.93e-04
 2.73765e+18	8.35e-03	9.92e-01	0.00e+00	0.00e+00	0.00e+00	0.00e+00	0.00e+00	0.00e+00	0.00e+00	7.36e-03	5.31e-04	4.63e-04
 2.74503e+18	9.93e-03	9.90e-01	0.00e+00	0.00e+00	0.00e+00	0.00e+00	0.00e+00	0.00e+00	0.00e+00	8.75e-03	6.28e-04	5.49e-04
 2.75171e+18	1.19e-02	9.88e-01	0.00e+00	0.00e+00	0.00e+00	0.00e+00	0.00e+00	0.00e+00	0.00e+00	1.05e-02	7.47e-04	6.54e-04
 2.75779e+18	1.43e-02	9.86e-01	0.00e+00	0.00e+00	0.00e+00	0.00e+00	0.00e+00	0.00e+00	0.00e+00	1.27e-02	8.97e-04	7.87e-04
 2.76347e+18	1.76e-02	9.82e-01	0.00e+00	0.00e+00	0.00e+00	0.00e+00	0.00e+00	0.00e+00	0.00e+00	1.55e-02	1.09e-03	9.60e-04
 2.76868e+18	2.19e-02	9.78e-01	0.00e+00	0.00e+00	0.00e+00	0.00e+00	0.00e+00	0.00e+00	0.00e+00	1.94e-02	1.35e-03	1.19e-03
 2.77311e+18	2.74e-02	9.73e-01	0.00e+00	0.00e+00	0.00e+00	0.00e+00	0.00e+00	0.00e+00	0.00e+00	2.43e-02	1.68e-03	1.48e-03
 2.77667e+18	3.40e-02	9.66e-01	0.00e+00	0.00e+00	0.00e+00	0.00e+00	0.00e+00	0.00e+00	0.00e+00	3.01e-02	2.06e-03	1.83e-03
 2.77956e+18	4.18e-02	9.58e-01	0.00e+00	0.00e+00	0.00e+00	0.00e+00	0.00e+00	0.00e+00	0.00e+00	3.71e-02	2.51e-03	2.23e-03
 2.78201e+18	5.13e-02	9.49e-01	0.00e+00	0.00e+00	0.00e+00	0.00e+00	0.00e+00	0.00e+00	0.00e+00	4.55e-02	3.05e-03	2.72e-03
 2.78416e+18	6.33e-02	9.37e-01	0.00e+00	0.00e+00	0.00e+00	0.00e+00	0.00e+00	0.00e+00	0.00e+00	5.62e-02	3.71e-03	3.32e-03
 2.78603e+18	7.84e-02	9.22e-01	0.00e+00	0.00e+00	0.00e+00	0.00e+00	0.00e+00	0.00e+00	0.00e+00	6.97e-02	4.53e-03	4.08e-03
 2.78744e+18	9.47e-02	9.05e-01	0.00e+00	0.00e+00	0.00e+00	0.00e+00	0.00e+00	0.00e+00	0.00e+00	8.44e-02	5.40e-03	4.88e-03
 2.78837e+18	1.09e-01	8.91e-01	0.00e+00	0.00e+00	0.00e+00	0.00e+00	0.00e+00	0.00e+00	0.00e+00	9.74e-02	6.15e-03	5.57e-03
 2.78914e+18	1.24e-01	8.76e-01	0.00e+00	0.00e+00	0.00e+00	0.00e+00	0.00e+00	0.00e+00	0.00e+00	1.11e-01	6.90e-03	6.27e-03
 2.79000e+18	1.45e-01	8.55e-01	0.00e+00	0.00e+00	0.00e+00	0.00e+00	0.00e+00	0.00e+00	0.00e+00	1.29e-01	7.92e-03	7.22e-03
 2.79092e+18	1.73e-01	8.27e-01	0.00e+00	0.00e+00	0.00e+00	0.00e+00	0.00e+00	0.00e+00	0.00e+00	1.55e-01	9.27e-03	8.51e-03
 2.79167e+18	2.04e-01	7.96e-01	0.00e+00	0.00e+00	0.00e+00	0.00e+00	0.00e+00	0.00e+00	0.00e+00	1.84e-01	1.07e-02	9.86e-03
 2.79225e+18	2.35e-01	7.65e-01	0.00e+00	0.00e+00	0.00e+00	0.00e+00	0.00e+00	0.00e+00	0.00e+00	2.12e-01	1.20e-02	1.11e-02
 2.79275e+18	2.67e-01	7.33e-01	0.00e+00	0.00e+00	0.00e+00	0.00e+00	0.00e+00	0.00e+00	0.00e+00	2.41e-01	1.32e-02	1.24e-02
 2.79327e+18	3.06e-01	6.94e-01	0.00e+00	0.00e+00	0.00e+00	0.00e+00	0.00e+00	0.00e+00	0.00e+00	2.77e-01	1.47e-02	1.38e-02
 2.79377e+18	3.50e-01	6.50e-01	0.00e+00	0.00e+00	0.00e+00	0.00e+00	0.00e+00	0.00e+00	0.00e+00	3.19e-01	1.62e-02	1.54e-02
 2.79415e+18	3.90e-01	6.10e-01	0.00e+00	0.00e+00	0.00e+00	0.00e+00	0.00e+00	0.00e+00	0.00e+00	3.56e-01	1.73e-02	1.66e-02
 2.79441e+18	4.20e-01	5.80e-01	0.00e+00	0.00e+00	0.00e+00	0.00e+00	0.00e+00	0.00e+00	0.00e+00	3.84e-01	1.81e-02	1.75e-02
 2.79462e+18	4.45e-01	5.55e-01	0.00e+00	0.00e+00	0.00e+00	0.00e+00	0.00e+00	0.00e+00	0.00e+00	4.08e-01	1.87e-02	1.81e-02
 2.79482e+18	4.70e-01	5.30e-01	0.00e+00	0.00e+00	0.00e+00	0.00e+00	0.00e+00	0.00e+00	0.00e+00	4.32e-01	1.92e-02	1.87e-02
 2.79501e+18	4.95e-01	5.05e-01	0.00e+00	0.00e+00	0.00e+00	0.00e+00	0.00e+00	0.00e+00	0.00e+00	4.56e-01	1.97e-02	1.93e-02
 2.79519e+18	5.20e-01	4.80e-01	0.00e+00	0.00e+00	0.00e+00	0.00e+00	0.00e+00	0.00e+00	0.00e+00	4.80e-01	2.01e-02	1.98e-02
 2.79536e+18	5.42e-01	4.58e-01	0.00e+00	0.00e+00	0.00e+00	0.00e+00	0.00e+00	0.00e+00	0.00e+00	5.02e-01	2.04e-02	2.02e-02
 2.79550e+18	5.62e-01	4.38e-01	0.00e+00	0.00e+00	0.00e+00	0.00e+00	0.00e+00	0.00e+00	0.00e+00	5.21e-01	2.06e-02	2.05e-02
 2.79563e+18	5.81e-01	4.19e-01	0.00e+00	0.00e+00	0.00e+00	0.00e+00	0.00e+00	0.00e+00	0.00e+00	5.40e-01	2.08e-02	2.08e-02
 2.79574e+18	5.96e-01	4.04e-01	0.00e+00	0.00e+00	0.00e+00	0.00e+00	0.00e+00	0.00e+00	0.00e+00	5.55e-01	2.09e-02	2.09e-02
 2.79582e+18	6.08e-01	3.92e-01	0.00e+00	0.00e+00	0.00e+00	0.00e+00	0.00e+00	0.00e+00	0.00e+00	5.66e-01	2.10e-02	2.10e-02
 2.79590e+18	6.19e-01	3.81e-01	0.00e+00	0.00e+00	0.00e+00	0.00e+00	0.00e+00	0.00e+00	0.00e+00	5.77e-01	2.10e-02	2.11e-02
 2.79598e+18	6.31e-01	3.69e-01	0.00e+00	0.00e+00	0.00e+00	0.00e+00	0.00e+00	0.00e+00	0.00e+00	5.89e-01	2.11e-02	2.12e-02
 2.79607e+18	6.44e-01	3.56e-01	0.00e+00	0.00e+00	0.00e+00	0.00e+00	0.00e+00	0.00e+00	0.00e+00	6.01e-01	2.11e-02	2.13e-02
 2.79615e+18	6.55e-01	3.45e-01	0.00e+00	0.00e+00	0.00e+00	0.00e+00	0.00e+00	0.00e+00	0.00e+00	6.13e-01	2.11e-02	2.14e-02
 2.79623e+18	6.67e-01	3.33e-01	0.00e+00	0.00e+00	0.00e+00	0.00e+00	0.00e+00	0.00e+00	0.00e+00	6.24e-01	2.11e-02	2.14e-02
 2.79632e+18	6.78e-01	3.22e-01	0.00e+00	0.00e+00	0.00e+00	0.00e+00	0.00e+00	0.00e+00	0.00e+00	6.36e-01	2.10e-02	2.14e-02
 2.79640e+18	6.89e-01	3.11e-01	0.00e+00	0.00e+00	0.00e+00	0.00e+00	0.00e+00	0.00e+00	0.00e+00	6.47e-01	2.10e-02	2.14e-02
 2.79648e+18	7.00e-01	3.00e-01	0.00e+00	0.00e+00	0.00e+00	0.00e+00	0.00e+00	0.00e+00	0.00e+00	6.58e-01	2.09e-02	2.14e-02
 2.79656e+18	7.11e-01	2.89e-01	0.00e+00	0.00e+00	0.00e+00	0.00e+00	0.00e+00	0.00e+00	0.00e+00	6.69e-01	2.08e-02	2.14e-02
 2.79664e+18	7.22e-01	2.78e-01	0.00e+00	0.00e+00	0.00e+00	0.00e+00	0.00e+00	0.00e+00	0.00e+00	6.80e-01	2.07e-02	2.14e-02
 2.79672e+18	7.32e-01	2.68e-01	0.00e+00	0.00e+00	0.00e+00	0.00e+00	0.00e+00	0.00e+00	0.00e+00	6.90e-01	2.06e-02	2.13e-02
 2.79680e+18	7.42e-01	2.58e-01	0.00e+00	0.00e+00	0.00e+00	0.00e+00	0.00e+00	0.00e+00	0.00e+00	7.01e-01	2.05e-02	2.12e-02
 2.79687e+18	7.52e-01	2.48e-01	0.00e+00	0.00e+00	0.00e+00	0.00e+00	0.00e+00	0.00e+00	0.00e+00	7.10e-01	2.04e-02	2.11e-02
 2.79695e+18	7.61e-01	2.39e-01	0.00e+00	0.00e+00	0.00e+00	0.00e+00	0.00e+00	0.00e+00	0.00e+00	7.20e-01	2.02e-02	2.11e-02
 2.79703e+18	7.70e-01	2.30e-01	0.00e+00	0.00e+00	0.00e+00	0.00e+00	0.00e+00	0.00e+00	0.00e+00	7.29e-01	2.01e-02	2.09e-02
 2.79711e+18	7.80e-01	2.20e-01	0.00e+00	0.00e+00	0.00e+00	0.00e+00	0.00e+00	0.00e+00	0.00e+00	7.39e-01	1.99e-02	2.08e-02
 2.79718e+18	7.88e-01	2.12e-01	0.00e+00	0.00e+00	0.00e+00	0.00e+00	0.00e+00	0.00e+00	0.00e+00	7.48e-01	1.97e-02	2.07e-02
 2.79726e+18	7.97e-01	2.03e-01	0.00e+00	0.00e+00	0.00e+00	0.00e+00	0.00e+00	0.00e+00	0.00e+00	7.56e-01	1.96e-02	2.06e-02
 2.79733e+18	8.06e-01	1.94e-01	0.00e+00	0.00e+00	0.00e+00	0.00e+00	0.00e+00	0.00e+00	0.00e+00	7.66e-01	1.94e-02	2.04e-02
 2.79740e+18	8.13e-01	1.87e-01	0.00e+00	0.00e+00	0.00e+00	0.00e+00	0.00e+00	0.00e+00	0.00e+00	7.73e-01	1.92e-02	2.03e-02
 2.79747e+18	8.20e-01	1.80e-01	0.00e+00	0.00e+00	0.00e+00	0.00e+00	0.00e+00	0.00e+00	0.00e+00	7.81e-01	1.91e-02	2.02e-02
 2.79754e+18	8.27e-01	1.73e-01	0.00e+00	0.00e+00	0.00e+00	0.00e+00	0.00e+00	0.00e+00	0.00e+00	7.88e-01	1.89e-02	2.00e-02
 2.79761e+18	8.33e-01	1.67e-01	0.00e+00	0.00e+00	0.00e+00	0.00e+00	0.00e+00	0.00e+00	0.00e+00	7.95e-01	1.87e-02	1.99e-02
 2.79768e+18	8.40e-01	1.60e-01	0.00e+00	0.00e+00	0.00e+00	0.00e+00	0.00e+00	0.00e+00	0.00e+00	8.02e-01	1.85e-02	1.97e-02
 2.79775e+18	8.46e-01	1.54e-01	0.00e+00	0.00e+00	0.00e+00	0.00e+00	0.00e+00	0.00e+00	0.00e+00	8.08e-01	1.84e-02	1.95e-02
 2.79782e+18	8.53e-01	1.47e-01	0.00e+00	0.00e+00	0.00e+00	0.00e+00	0.00e+00	0.00e+00	0.00e+00	8.15e-01	1.82e-02	1.94e-02
 2.79788e+18	8.58e-01	1.42e-01	0.00e+00	0.00e+00	0.00e+00	0.00e+00	0.00e+00	0.00e+00	0.00e+00	8.21e-01	1.80e-02	1.92e-02
 2.79795e+18	8.64e-01	1.36e-01	0.00e+00	0.00e+00	0.00e+00	0.00e+00	0.00e+00	0.00e+00	0.00e+00	8.27e-01	1.78e-02	1.91e-02
 2.79801e+18	8.69e-01	1.31e-01	0.00e+00	0.00e+00	0.00e+00	0.00e+00	0.00e+00	0.00e+00	0.00e+00	8.32e-01	1.77e-02	1.89e-02
 2.79808e+18	8.74e-01	1.26e-01	0.00e+00	0.00e+00	0.00e+00	0.00e+00	0.00e+00	0.00e+00	0.00e+00	8.38e-01	1.75e-02	1.88e-02
 2.79814e+18	8.79e-01	1.21e-01	0.00e+00	0.00e+00	0.00e+00	0.00e+00	0.00e+00	0.00e+00	0.00e+00	8.43e-01	1.73e-02	1.86e-02
 2.79821e+18	8.84e-01	1.16e-01	0.00e+00	0.00e+00	0.00e+00	0.00e+00	0.00e+00	0.00e+00	0.00e+00	8.48e-01	1.71e-02	1.84e-02
 2.79827e+18	8.88e-01	1.12e-01	0.00e+00	0.00e+00	0.00e+00	0.00e+00	0.00e+00	0.00e+00	0.00e+00	8.53e-01	1.70e-02	1.83e-02
 2.79833e+18	8.93e-01	1.07e-01	0.00e+00	0.00e+00	0.00e+00	0.00e+00	0.00e+00	0.00e+00	0.00e+00	8.58e-01	1.68e-02	1.81e-02
 2.79840e+18	8.97e-01	1.03e-01	0.00e+00	0.00e+00	0.00e+00	0.00e+00	0.00e+00	0.00e+00	0.00e+00	8.62e-01	1.66e-02	1.80e-02
 2.79846e+18	9.01e-01	9.87e-02	0.00e+00	0.00e+00	0.00e+00	0.00e+00	0.00e+00	0.00e+00	0.00e+00	8.67e-01	1.65e-02	1.78e-02
 2.79853e+18	9.05e-01	9.51e-02	0.00e+00	0.00e+00	0.00e+00	0.00e+00	0.00e+00	0.00e+00	0.00e+00	8.71e-01	1.63e-02	1.77e-02
 2.79859e+18	9.09e-01	9.11e-02	0.00e+00	0.00e+00	0.00e+00	0.00e+00	0.00e+00	0.00e+00	0.00e+00	8.75e-01	1.62e-02	1.75e-02
 2.79865e+18	9.12e-01	8.75e-02	0.00e+00	0.00e+00	0.00e+00	0.00e+00	0.00e+00	0.00e+00	0.00e+00	8.79e-01	1.60e-02	1.74e-02
 2.79871e+18	9.16e-01	8.41e-02	0.00e+00	0.00e+00	0.00e+00	0.00e+00	0.00e+00	0.00e+00	0.00e+00	8.83e-01	1.59e-02	1.72e-02
 2.79877e+18	9.19e-01	8.12e-02	0.00e+00	0.00e+00	0.00e+00	0.00e+00	0.00e+00	0.00e+00	0.00e+00	8.86e-01	1.57e-02	1.71e-02
 2.79883e+18	9.22e-01	7.79e-02	0.00e+00	0.00e+00	0.00e+00	0.00e+00	0.00e+00	0.00e+00	0.00e+00	8.89e-01	1.56e-02	1.70e-02
 2.79889e+18	9.25e-01	7.50e-02	0.00e+00	0.00e+00	0.00e+00	0.00e+00	0.00e+00	0.00e+00	0.00e+00	8.93e-01	1.55e-02	1.68e-02
 2.79895e+18	9.28e-01	7.21e-02	0.00e+00	0.00e+00	0.00e+00	0.00e+00	0.00e+00	0.00e+00	0.00e+00	8.96e-01	1.53e-02	1.67e-02
 2.79901e+18	9.31e-01	6.90e-02	0.00e+00	0.00e+00	0.00e+00	0.00e+00	0.00e+00	0.00e+00	0.00e+00	8.99e-01	1.52e-02	1.66e-02
 2.79907e+18	9.34e-01	6.65e-02	0.00e+00	0.00e+00	0.00e+00	0.00e+00	0.00e+00	0.00e+00	0.00e+00	9.02e-01	1.51e-02	1.65e-02
 2.79913e+18	9.36e-01	6.41e-02	0.00e+00	0.00e+00	0.00e+00	0.00e+00	0.00e+00	0.00e+00	0.00e+00	9.05e-01	1.50e-02	1.63e-02
 2.79919e+18	9.38e-01	6.16e-02	0.00e+00	0.00e+00	0.00e+00	0.00e+00	0.00e+00	0.00e+00	0.00e+00	9.07e-01	1.49e-02	1.62e-02
 2.79925e+18	9.41e-01	5.90e-02	0.00e+00	0.00e+00	0.00e+00	0.00e+00	0.00e+00	0.00e+00	0.00e+00	9.10e-01	1.47e-02	1.61e-02
 2.79931e+18	9.43e-01	5.66e-02	0.00e+00	0.00e+00	0.00e+00	0.00e+00	0.00e+00	0.00e+00	0.00e+00	9.13e-01	1.46e-02	1.60e-02
 2.79938e+18	9.46e-01	5.44e-02	0.00e+00	0.00e+00	0.00e+00	0.00e+00	0.00e+00	0.00e+00	0.00e+00	9.15e-01	1.45e-02	1.58e-02
 2.79943e+18	9.48e-01	5.24e-02	0.00e+00	0.00e+00	0.00e+00	0.00e+00	0.00e+00	0.00e+00	0.00e+00	9.18e-01	1.44e-02	1.57e-02
 2.79949e+18	9.50e-01	5.02e-02	0.00e+00	0.00e+00	0.00e+00	0.00e+00	0.00e+00	0.00e+00	0.00e+00	9.20e-01	1.43e-02	1.56e-02
 2.79955e+18	9.52e-01	4.82e-02	0.00e+00	0.00e+00	0.00e+00	0.00e+00	0.00e+00	0.00e+00	0.00e+00	9.22e-01	1.42e-02	1.55e-02
 2.79962e+18	9.54e-01	4.63e-02	0.00e+00	0.00e+00	0.00e+00	0.00e+00	0.00e+00	0.00e+00	0.00e+00	9.24e-01	1.41e-02	1.54e-02
 2.79967e+18	9.55e-01	4.47e-02	0.00e+00	0.00e+00	0.00e+00	0.00e+00	0.00e+00	0.00e+00	0.00e+00	9.26e-01	1.40e-02	1.53e-02
 2.79972e+18	9.57e-01	4.30e-02	0.00e+00	0.00e+00	0.00e+00	0.00e+00	0.00e+00	0.00e+00	0.00e+00	9.28e-01	1.39e-02	1.52e-02
 2.79978e+18	9.59e-01	4.12e-02	0.00e+00	0.00e+00	0.00e+00	0.00e+00	0.00e+00	0.00e+00	0.00e+00	9.30e-01	1.38e-02	1.51e-02
 2.79985e+18	9.61e-01	3.95e-02	0.00e+00	0.00e+00	0.00e+00	0.00e+00	0.00e+00	0.00e+00	0.00e+00	9.32e-01	1.37e-02	1.50e-02
 2.79991e+18	9.62e-01	3.79e-02	0.00e+00	0.00e+00	0.00e+00	0.00e+00	0.00e+00	0.00e+00	0.00e+00	9.34e-01	1.36e-02	1.49e-02
 2.79997e+18	9.64e-01	3.63e-02	0.00e+00	0.00e+00	0.00e+00	0.00e+00	0.00e+00	0.00e+00	0.00e+00	9.35e-01	1.35e-02	1.48e-02
 2.80003e+18	9.65e-01	3.51e-02	0.00e+00	0.00e+00	0.00e+00	0.00e+00	0.00e+00	0.00e+00	0.00e+00	9.37e-01	1.34e-02	1.47e-02
 2.80008e+18	9.66e-01	3.36e-02	0.00e+00	0.00e+00	0.00e+00	0.00e+00	0.00e+00	0.00e+00	0.00e+00	9.38e-01	1.33e-02	1.47e-02
 2.80014e+18	9.68e-01	3.24e-02	0.00e+00	0.00e+00	0.00e+00	0.00e+00	0.00e+00	0.00e+00	0.00e+00	9.40e-01	1.33e-02	1.46e-02
 2.80020e+18	9.69e-01	3.11e-02	0.00e+00	0.00e+00	0.00e+00	0.00e+00	0.00e+00	0.00e+00	0.00e+00	9.41e-01	1.32e-02	1.45e-02
 2.80026e+18	9.70e-01	2.99e-02	0.00e+00	0.00e+00	0.00e+00	0.00e+00	0.00e+00	0.00e+00	0.00e+00	9.43e-01	1.31e-02	1.44e-02
 2.80032e+18	9.71e-01	2.86e-02	0.00e+00	0.00e+00	0.00e+00	0.00e+00	0.00e+00	0.00e+00	0.00e+00	9.44e-01	1.30e-02	1.43e-02
 2.80038e+18	9.73e-01	2.75e-02	0.00e+00	0.00e+00	0.00e+00	0.00e+00	0.00e+00	0.00e+00	0.00e+00	9.45e-01	1.29e-02	1.42e-02
 2.80045e+18	9.74e-01	2.64e-02	0.00e+00	0.00e+00	0.00e+00	0.00e+00	0.00e+00	0.00e+00	0.00e+00	9.47e-01	1.29e-02	1.42e-02
 2.80050e+18	9.75e-01	2.54e-02	0.00e+00	0.00e+00	0.00e+00	0.00e+00	0.00e+00	0.00e+00	0.00e+00	9.48e-01	1.28e-02	1.41e-02
 2.80056e+18	9.75e-01	2.45e-02	0.00e+00	0.00e+00	0.00e+00	0.00e+00	0.00e+00	0.00e+00	0.00e+00	9.49e-01	1.27e-02	1.40e-02
 2.80062e+18	9.76e-01	2.35e-02	0.00e+00	0.00e+00	0.00e+00	0.00e+00	0.00e+00	0.00e+00	0.00e+00	9.50e-01	1.27e-02	1.39e-02
 2.80067e+18	9.77e-01	2.26e-02	0.00e+00	0.00e+00	0.00e+00	0.00e+00	0.00e+00	0.00e+00	0.00e+00	9.51e-01	1.26e-02	1.39e-02
 2.80074e+18	9.78e-01	2.16e-02	0.00e+00	0.00e+00	0.00e+00	0.00e+00	0.00e+00	0.00e+00	0.00e+00	9.52e-01	1.25e-02	1.38e-02
 2.80080e+18	9.79e-01	2.08e-02	0.00e+00	0.00e+00	0.00e+00	0.00e+00	0.00e+00	0.00e+00	0.00e+00	9.53e-01	1.25e-02	1.37e-02
 2.80086e+18	9.80e-01	2.00e-02	0.00e+00	0.00e+00	0.00e+00	0.00e+00	0.00e+00	0.00e+00	0.00e+00	9.54e-01	1.24e-02	1.37e-02
 2.80091e+18	9.81e-01	1.93e-02	0.00e+00	0.00e+00	0.00e+00	0.00e+00	0.00e+00	0.00e+00	0.00e+00	9.55e-01	1.24e-02	1.36e-02
 2.80097e+18	9.81e-01	1.86e-02	0.00e+00	0.00e+00	0.00e+00	0.00e+00	0.00e+00	0.00e+00	0.00e+00	9.56e-01	1.23e-02	1.35e-02
 2.80103e+18	9.82e-01	1.79e-02	0.00e+00	0.00e+00	0.00e+00	0.00e+00	0.00e+00	0.00e+00	0.00e+00	9.56e-01	1.22e-02	1.35e-02
 2.80109e+18	9.83e-01	1.71e-02	0.00e+00	0.00e+00	0.00e+00	0.00e+00	0.00e+00	0.00e+00	0.00e+00	9.57e-01	1.22e-02	1.34e-02
 2.80116e+18	9.84e-01	1.65e-02	0.00e+00	0.00e+00	0.00e+00	0.00e+00	0.00e+00	0.00e+00	0.00e+00	9.58e-01	1.21e-02	1.33e-02
 2.80122e+18	9.84e-01	1.58e-02	0.00e+00	0.00e+00	0.00e+00	0.00e+00	0.00e+00	0.00e+00	0.00e+00	9.59e-01	1.21e-02	1.32e-02
 2.80128e+18	9.85e-01	1.52e-02	0.00e+00	0.00e+00	0.00e+00	0.00e+00	0.00e+00	0.00e+00	0.00e+00	9.60e-01	1.20e-02	1.32e-02
 2.80134e+18	9.85e-01	1.46e-02	0.00e+00	0.00e+00	0.00e+00	0.00e+00	0.00e+00	0.00e+00	0.00e+00	9.60e-01	1.19e-02	1.31e-02
 2.80141e+18	9.86e-01	1.40e-02	0.00e+00	0.00e+00	0.00e+00	0.00e+00	0.00e+00	0.00e+00	0.00e+00	9.61e-01	1.19e-02	1.30e-02
 2.80147e+18	9.87e-01	1.34e-02	0.00e+00	0.00e+00	0.00e+00	0.00e+00	0.00e+00	0.00e+00	0.00e+00	9.62e-01	1.18e-02	1.30e-02
 2.80153e+18	9.87e-01	1.30e-02	0.00e+00	0.00e+00	0.00e+00	0.00e+00	0.00e+00	0.00e+00	0.00e+00	9.62e-01	1.18e-02	1.29e-02
 2.80159e+18	9.88e-01	1.25e-02	0.00e+00	0.00e+00	0.00e+00	0.00e+00	0.00e+00	0.00e+00	0.00e+00	9.63e-01	1.17e-02	1.28e-02
 2.80165e+18	9.88e-01	1.20e-02	0.00e+00	0.00e+00	0.00e+00	0.00e+00	0.00e+00	0.00e+00	0.00e+00	9.64e-01	1.16e-02	1.28e-02
 2.80172e+18	9.89e-01	1.15e-02	0.00e+00	0.00e+00	0.00e+00	0.00e+00	0.00e+00	0.00e+00	0.00e+00	9.64e-01	1.16e-02	1.27e-02
 2.80179e+18	9.89e-01	1.10e-02	0.00e+00	0.00e+00	0.00e+00	0.00e+00	0.00e+00	0.00e+00	0.00e+00	9.65e-01	1.15e-02	1.26e-02
 2.80186e+18	9.89e-01	1.06e-02	0.00e+00	0.00e+00	0.00e+00	0.00e+00	0.00e+00	0.00e+00	0.00e+00	9.65e-01	1.15e-02	1.25e-02
 2.80192e+18	9.90e-01	1.02e-02	0.00e+00	0.00e+00	0.00e+00	0.00e+00	0.00e+00	0.00e+00	0.00e+00	9.66e-01	1.14e-02	1.25e-02
 2.80199e+18	9.90e-01	9.86e-03	0.00e+00	0.00e+00	0.00e+00	0.00e+00	0.00e+00	0.00e+00	0.00e+00	9.66e-01	1.13e-02	1.24e-02
 2.80205e+18	9.91e-01	9.49e-03	0.00e+00	0.00e+00	0.00e+00	0.00e+00	0.00e+00	0.00e+00	0.00e+00	9.67e-01	1.13e-02	1.23e-02
 2.80212e+18	9.91e-01	9.09e-03	0.00e+00	0.00e+00	0.00e+00	0.00e+00	0.00e+00	0.00e+00	0.00e+00	9.68e-01	1.12e-02	1.22e-02
 2.80220e+18	9.91e-01	8.72e-03	0.00e+00	0.00e+00	0.00e+00	0.00e+00	0.00e+00	0.00e+00	0.00e+00	9.68e-01	1.11e-02	1.21e-02
 2.80227e+18	9.92e-01	8.36e-03	0.00e+00	0.00e+00	0.00e+00	0.00e+00	0.00e+00	0.00e+00	0.00e+00	9.69e-01	1.10e-02	1.20e-02
 2.80234e+18	9.92e-01	8.04e-03	0.00e+00	0.00e+00	0.00e+00	0.00e+00	0.00e+00	0.00e+00	0.00e+00	9.69e-01	1.09e-02	1.19e-02
 2.80241e+18	9.92e-01	7.71e-03	0.00e+00	0.00e+00	0.00e+00	0.00e+00	0.00e+00	0.00e+00	0.00e+00	9.70e-01	1.08e-02	1.17e-02
 2.80249e+18	9.93e-01	7.41e-03	0.00e+00	0.00e+00	0.00e+00	0.00e+00	0.00e+00	0.00e+00	0.00e+00	9.70e-01	1.06e-02	1.15e-02
 2.80256e+18	9.93e-01	7.13e-03	0.00e+00	0.00e+00	0.00e+00	0.00e+00	0.00e+00	0.00e+00	0.00e+00	9.71e-01	1.05e-02	1.13e-02
 2.80263e+18	9.93e-01	6.87e-03	0.00e+00	0.00e+00	0.00e+00	0.00e+00	0.00e+00	0.00e+00	0.00e+00	9.72e-01	1.03e-02	1.11e-02
 2.80269e+18	9.93e-01	6.59e-03	0.00e+00	0.00e+00	0.00e+00	0.00e+00	0.00e+00	0.00e+00	0.00e+00	9.73e-01	1.00e-02	1.08e-02
 2.80275e+18	9.94e-01	6.33e-03	0.00e+00	0.00e+00	0.00e+00	0.00e+00	0.00e+00	0.00e+00	0.00e+00	9.74e-01	9.73e-03	1.04e-02
 2.80280e+18	9.94e-01	6.17e-03	0.00e+00	0.00e+00	0.00e+00	0.00e+00	0.00e+00	0.00e+00	0.00e+00	9.74e-01	9.51e-03	1.02e-02
 2.80283e+18	9.94e-01	6.02e-03	0.00e+00	0.00e+00	0.00e+00	0.00e+00	0.00e+00	0.00e+00	0.00e+00	9.75e-01	9.33e-03	9.94e-03
 2.80286e+18	9.94e-01	5.91e-03	0.00e+00	0.00e+00	0.00e+00	0.00e+00	0.00e+00	0.00e+00	0.00e+00	9.75e-01	9.14e-03	9.71e-03
 2.80289e+18	9.94e-01	5.79e-03	0.00e+00	0.00e+00	0.00e+00	0.00e+00	0.00e+00	0.00e+00	0.00e+00	9.76e-01	8.96e-03	9.49e-03
 2.80291e+18	9.94e-01	5.67e-03	0.00e+00	0.00e+00	0.00e+00	0.00e+00	0.00e+00	0.00e+00	0.00e+00	9.76e-01	8.78e-03	9.26e-03
 2.80294e+18	9.94e-01	5.54e-03	0.00e+00	0.00e+00	0.00e+00	0.00e+00	0.00e+00	0.00e+00	0.00e+00	9.77e-01	8.60e-03	9.05e-03
 2.80297e+18	9.95e-01	5.43e-03	0.00e+00	0.00e+00	0.00e+00	0.00e+00	0.00e+00	0.00e+00	0.00e+00	9.77e-01	8.42e-03	8.82e-03
 2.80300e+18	9.95e-01	5.32e-03	0.00e+00	0.00e+00	0.00e+00	0.00e+00	0.00e+00	0.00e+00	0.00e+00	9.78e-01	8.23e-03	8.60e-03
 2.80303e+18	9.95e-01	5.22e-03	0.00e+00	0.00e+00	0.00e+00	0.00e+00	0.00e+00	0.00e+00	0.00e+00	9.78e-01	8.05e-03	8.38e-03
 2.80305e+18	9.95e-01	5.10e-03	0.00e+00	0.00e+00	0.00e+00	0.00e+00	0.00e+00	0.00e+00	0.00e+00	9.79e-01	7.88e-03	8.17e-03
 2.80308e+18	9.95e-01	5.01e-03	0.00e+00	0.00e+00	0.00e+00	0.00e+00	0.00e+00	0.00e+00	0.00e+00	9.79e-01	7.71e-03	7.97e-03
