#depth	O  1	O  2	O  3	O  4	O  5	O  6	O  7	O  8	O  9	O1	O1*	O1**
 1.17946e+13	0.00e+00	1.48e-04	4.99e-01	5.01e-01	2.75e-05	0.00e+00	0.00e+00	0.00e+00	0.00e+00	0.00e+00	0.00e+00	0.00e+00
 7.07677e+13	0.00e+00	1.51e-04	5.01e-01	4.99e-01	2.71e-05	0.00e+00	0.00e+00	0.00e+00	0.00e+00	0.00e+00	0.00e+00	0.00e+00
 2.11591e+14	0.00e+00	1.55e-04	5.06e-01	4.94e-01	2.63e-05	0.00e+00	0.00e+00	0.00e+00	0.00e+00	0.00e+00	0.00e+00	0.00e+00
 4.29981e+14	0.00e+00	1.60e-04	5.11e-01	4.88e-01	2.54e-05	0.00e+00	0.00e+00	0.00e+00	0.00e+00	0.00e+00	0.00e+00	0.00e+00
 7.16895e+14	0.00e+00	1.65e-04	5.18e-01	4.82e-01	2.45e-05	0.00e+00	0.00e+00	0.00e+00	0.00e+00	0.00e+00	0.00e+00	0.00e+00
 1.08988e+15	0.00e+00	1.71e-04	5.27e-01	4.73e-01	2.34e-05	0.00e+00	0.00e+00	0.00e+00	0.00e+00	0.00e+00	0.00e+00	0.00e+00
 1.57477e+15	0.00e+00	1.78e-04	5.38e-01	4.62e-01	2.21e-05	0.00e+00	0.00e+00	0.00e+00	0.00e+00	0.00e+00	0.00e+00	0.00e+00
 2.20512e+15	0.00e+00	1.88e-04	5.53e-01	4.47e-01	2.06e-05	0.00e+00	0.00e+00	0.00e+00	0.00e+00	0.00e+00	0.00e+00	0.00e+00
 3.02458e+15	0.00e+00	2.00e-04	5.72e-01	4.28e-01	1.86e-05	0.00e+00	0.00e+00	0.00e+00	0.00e+00	0.00e+00	0.00e+00	0.00e+00
 4.08987e+15	0.00e+00	2.17e-04	5.97e-01	4.03e-01	1.64e-05	0.00e+00	0.00e+00	0.00e+00	0.00e+00	0.00e+00	0.00e+00	0.00e+00
 5.47475e+15	0.00e+00	2.40e-04	6.29e-01	3.71e-01	1.38e-05	0.00e+00	0.00e+00	0.00e+00	0.00e+00	0.00e+00	0.00e+00	0.00e+00
 7.27510e+15	0.00e+00	2.72e-04	6.71e-01	3.29e-01	1.09e-05	0.00e+00	0.00e+00	0.00e+00	0.00e+00	0.00e+00	0.00e+00	0.00e+00
 9.45861e+15	0.00e+00	3.13e-04	7.20e-01	2.79e-01	8.00e-06	0.00e+00	0.00e+00	0.00e+00	0.00e+00	0.00e+00	0.00e+00	0.00e+00
 1.18371e+16	0.00e+00	3.60e-04	7.72e-01	2.28e-01	5.55e-06	0.00e+00	0.00e+00	0.00e+00	0.00e+00	0.00e+00	0.00e+00	0.00e+00
 1.43107e+16	0.00e+00	4.11e-04	8.22e-01	1.78e-01	3.65e-06	0.00e+00	0.00e+00	0.00e+00	0.00e+00	0.00e+00	0.00e+00	0.00e+00
 1.68833e+16	0.00e+00	4.65e-04	8.67e-01	1.32e-01	2.24e-06	0.00e+00	0.00e+00	0.00e+00	0.00e+00	0.00e+00	0.00e+00	0.00e+00
 1.95587e+16	0.00e+00	5.22e-04	9.06e-01	9.31e-02	1.28e-06	0.00e+00	0.00e+00	0.00e+00	0.00e+00	0.00e+00	0.00e+00	0.00e+00
 2.23412e+16	0.00e+00	5.80e-04	9.38e-01	6.18e-02	6.77e-07	0.00e+00	0.00e+00	0.00e+00	0.00e+00	0.00e+00	0.00e+00	0.00e+00
 2.52350e+16	0.00e+00	6.40e-04	9.60e-01	3.89e-02	0.00e+00	0.00e+00	0.00e+00	0.00e+00	0.00e+00	0.00e+00	0.00e+00	0.00e+00
 2.82446e+16	0.00e+00	7.02e-04	9.76e-01	2.34e-02	0.00e+00	0.00e+00	0.00e+00	0.00e+00	0.00e+00	0.00e+00	0.00e+00	0.00e+00
 3.12678e+16	0.00e+00	7.63e-04	9.85e-01	1.38e-02	0.00e+00	0.00e+00	0.00e+00	0.00e+00	0.00e+00	0.00e+00	0.00e+00	0.00e+00
 3.43946e+16	0.00e+00	8.27e-04	9.91e-01	7.95e-03	0.00e+00	0.00e+00	0.00e+00	0.00e+00	0.00e+00	0.00e+00	0.00e+00	0.00e+00
 3.77531e+16	0.00e+00	8.97e-04	9.95e-01	4.40e-03	0.00e+00	0.00e+00	0.00e+00	0.00e+00	0.00e+00	0.00e+00	0.00e+00	0.00e+00
 4.12634e+16	0.00e+00	9.72e-04	9.97e-01	2.39e-03	0.00e+00	0.00e+00	0.00e+00	0.00e+00	0.00e+00	0.00e+00	0.00e+00	0.00e+00
 4.49140e+16	0.00e+00	1.05e-03	9.98e-01	1.28e-03	0.00e+00	0.00e+00	0.00e+00	0.00e+00	0.00e+00	0.00e+00	0.00e+00	0.00e+00
 4.87107e+16	5.38e-10	1.14e-03	9.98e-01	6.75e-04	0.00e+00	0.00e+00	0.00e+00	0.00e+00	0.00e+00	4.85e-10	2.77e-11	2.59e-11
 5.26593e+16	6.30e-10	1.23e-03	9.98e-01	3.55e-04	0.00e+00	0.00e+00	0.00e+00	0.00e+00	0.00e+00	5.67e-10	3.25e-11	3.03e-11
 5.67658e+16	7.37e-10	1.33e-03	9.98e-01	1.86e-04	0.00e+00	0.00e+00	0.00e+00	0.00e+00	0.00e+00	6.64e-10	3.80e-11	3.54e-11
 6.10366e+16	8.62e-10	1.44e-03	9.98e-01	9.75e-05	0.00e+00	0.00e+00	0.00e+00	0.00e+00	0.00e+00	7.76e-10	4.44e-11	4.14e-11
 6.54782e+16	1.01e-09	1.55e-03	9.98e-01	5.17e-05	0.00e+00	0.00e+00	0.00e+00	0.00e+00	0.00e+00	9.08e-10	5.19e-11	4.84e-11
 7.00975e+16	1.18e-09	1.68e-03	9.98e-01	2.81e-05	0.00e+00	0.00e+00	0.00e+00	0.00e+00	0.00e+00	1.06e-09	6.07e-11	5.66e-11
 7.49015e+16	1.38e-09	1.82e-03	9.98e-01	1.58e-05	0.00e+00	0.00e+00	0.00e+00	0.00e+00	0.00e+00	1.24e-09	7.10e-11	6.63e-11
 7.98977e+16	1.61e-09	1.96e-03	9.98e-01	9.49e-06	0.00e+00	0.00e+00	0.00e+00	0.00e+00	0.00e+00	1.45e-09	8.31e-11	7.75e-11
 8.50937e+16	1.89e-09	2.12e-03	9.98e-01	6.14e-06	0.00e+00	0.00e+00	0.00e+00	0.00e+00	0.00e+00	1.70e-09	9.72e-11	9.06e-11
 9.04976e+16	2.21e-09	2.29e-03	9.98e-01	4.33e-06	0.00e+00	0.00e+00	0.00e+00	0.00e+00	0.00e+00	1.99e-09	1.14e-10	1.06e-10
 9.61177e+16	2.58e-09	2.48e-03	9.98e-01	3.31e-06	0.00e+00	0.00e+00	0.00e+00	0.00e+00	0.00e+00	2.33e-09	1.33e-10	1.24e-10
 1.01963e+17	3.02e-09	2.68e-03	9.97e-01	2.71e-06	0.00e+00	0.00e+00	0.00e+00	0.00e+00	0.00e+00	2.72e-09	1.55e-10	1.45e-10
 1.08041e+17	3.53e-09	2.90e-03	9.97e-01	2.32e-06	0.00e+00	0.00e+00	0.00e+00	0.00e+00	0.00e+00	3.18e-09	1.82e-10	1.70e-10
 1.14363e+17	4.14e-09	3.13e-03	9.97e-01	2.04e-06	0.00e+00	0.00e+00	0.00e+00	0.00e+00	0.00e+00	3.72e-09	2.13e-10	1.98e-10
 1.20938e+17	4.84e-09	3.39e-03	9.97e-01	1.83e-06	0.00e+00	0.00e+00	0.00e+00	0.00e+00	0.00e+00	4.36e-09	2.49e-10	2.32e-10
 1.27775e+17	5.66e-09	3.66e-03	9.96e-01	1.67e-06	0.00e+00	0.00e+00	0.00e+00	0.00e+00	0.00e+00	5.10e-09	2.91e-10	2.71e-10
 1.34886e+17	6.62e-09	3.96e-03	9.96e-01	1.52e-06	0.00e+00	0.00e+00	0.00e+00	0.00e+00	0.00e+00	5.96e-09	3.41e-10	3.18e-10
 1.42282e+17	7.75e-09	4.28e-03	9.96e-01	1.40e-06	0.00e+00	0.00e+00	0.00e+00	0.00e+00	0.00e+00	6.98e-09	3.99e-10	3.72e-10
 1.49973e+17	9.07e-09	4.62e-03	9.95e-01	1.28e-06	0.00e+00	0.00e+00	0.00e+00	0.00e+00	0.00e+00	8.17e-09	4.66e-10	4.35e-10
 1.57972e+17	1.06e-08	5.00e-03	9.95e-01	1.18e-06	0.00e+00	0.00e+00	0.00e+00	0.00e+00	0.00e+00	9.56e-09	5.46e-10	5.09e-10
 1.66292e+17	1.24e-08	5.41e-03	9.95e-01	1.09e-06	0.00e+00	0.00e+00	0.00e+00	0.00e+00	0.00e+00	1.12e-08	6.39e-10	5.96e-10
 1.74943e+17	1.45e-08	5.84e-03	9.94e-01	1.00e-06	0.00e+00	0.00e+00	0.00e+00	0.00e+00	0.00e+00	1.31e-08	7.48e-10	6.97e-10
 1.83941e+17	1.70e-08	6.32e-03	9.94e-01	0.00e+00	0.00e+00	0.00e+00	0.00e+00	0.00e+00	0.00e+00	1.53e-08	8.75e-10	8.16e-10
 1.93299e+17	1.99e-08	6.83e-03	9.93e-01	0.00e+00	0.00e+00	0.00e+00	0.00e+00	0.00e+00	0.00e+00	1.80e-08	1.02e-09	9.55e-10
 2.03031e+17	2.33e-08	7.39e-03	9.93e-01	0.00e+00	0.00e+00	0.00e+00	0.00e+00	0.00e+00	0.00e+00	2.10e-08	1.20e-09	1.12e-09
 2.13152e+17	2.73e-08	7.99e-03	9.92e-01	0.00e+00	0.00e+00	0.00e+00	0.00e+00	0.00e+00	0.00e+00	2.46e-08	1.41e-09	1.31e-09
 2.23679e+17	3.20e-08	8.64e-03	9.91e-01	0.00e+00	0.00e+00	0.00e+00	0.00e+00	0.00e+00	0.00e+00	2.89e-08	1.65e-09	1.53e-09
 2.34626e+17	3.75e-08	9.34e-03	9.91e-01	0.00e+00	0.00e+00	0.00e+00	0.00e+00	0.00e+00	0.00e+00	3.38e-08	1.93e-09	1.80e-09
 2.46011e+17	4.40e-08	1.01e-02	9.90e-01	0.00e+00	0.00e+00	0.00e+00	0.00e+00	0.00e+00	0.00e+00	3.96e-08	2.26e-09	2.11e-09
 2.57852e+17	5.16e-08	1.09e-02	9.89e-01	0.00e+00	0.00e+00	0.00e+00	0.00e+00	0.00e+00	0.00e+00	4.64e-08	2.65e-09	2.47e-09
 2.70166e+17	6.05e-08	1.18e-02	9.88e-01	0.00e+00	0.00e+00	0.00e+00	0.00e+00	0.00e+00	0.00e+00	5.45e-08	3.11e-09	2.89e-09
 2.82973e+17	7.09e-08	1.28e-02	9.87e-01	0.00e+00	0.00e+00	0.00e+00	0.00e+00	0.00e+00	0.00e+00	6.39e-08	3.64e-09	3.39e-09
 2.96292e+17	8.32e-08	1.38e-02	9.86e-01	0.00e+00	0.00e+00	0.00e+00	0.00e+00	0.00e+00	0.00e+00	7.49e-08	4.27e-09	3.98e-09
 3.10144e+17	9.76e-08	1.50e-02	9.85e-01	0.00e+00	0.00e+00	0.00e+00	0.00e+00	0.00e+00	0.00e+00	8.79e-08	5.01e-09	4.67e-09
 3.24549e+17	1.15e-07	1.62e-02	9.84e-01	0.00e+00	0.00e+00	0.00e+00	0.00e+00	0.00e+00	0.00e+00	1.03e-07	5.88e-09	5.48e-09
 3.39532e+17	1.35e-07	1.76e-02	9.82e-01	0.00e+00	0.00e+00	0.00e+00	0.00e+00	0.00e+00	0.00e+00	1.21e-07	6.91e-09	6.43e-09
 3.55113e+17	1.58e-07	1.90e-02	9.81e-01	0.00e+00	0.00e+00	0.00e+00	0.00e+00	0.00e+00	0.00e+00	1.42e-07	8.11e-09	7.56e-09
 3.71318e+17	1.86e-07	2.06e-02	9.79e-01	0.00e+00	0.00e+00	0.00e+00	0.00e+00	0.00e+00	0.00e+00	1.67e-07	9.53e-09	8.88e-09
 3.88170e+17	2.18e-07	2.23e-02	9.78e-01	0.00e+00	0.00e+00	0.00e+00	0.00e+00	0.00e+00	0.00e+00	1.97e-07	1.12e-08	1.04e-08
 4.05697e+17	2.57e-07	2.41e-02	9.76e-01	0.00e+00	0.00e+00	0.00e+00	0.00e+00	0.00e+00	0.00e+00	2.31e-07	1.32e-08	1.23e-08
 4.23925e+17	3.02e-07	2.61e-02	9.74e-01	0.00e+00	0.00e+00	0.00e+00	0.00e+00	0.00e+00	0.00e+00	2.72e-07	1.55e-08	1.44e-08
 4.42883e+17	3.56e-07	2.83e-02	9.72e-01	0.00e+00	0.00e+00	0.00e+00	0.00e+00	0.00e+00	0.00e+00	3.21e-07	1.82e-08	1.70e-08
 4.62598e+17	4.19e-07	3.07e-02	9.69e-01	0.00e+00	0.00e+00	0.00e+00	0.00e+00	0.00e+00	0.00e+00	3.78e-07	2.15e-08	2.00e-08
 4.83102e+17	4.94e-07	3.32e-02	9.67e-01	0.00e+00	0.00e+00	0.00e+00	0.00e+00	0.00e+00	0.00e+00	4.45e-07	2.53e-08	2.36e-08
 5.04426e+17	5.83e-07	3.60e-02	9.64e-01	0.00e+00	0.00e+00	0.00e+00	0.00e+00	0.00e+00	0.00e+00	5.25e-07	2.99e-08	2.78e-08
 5.26604e+17	6.88e-07	3.91e-02	9.61e-01	0.00e+00	0.00e+00	0.00e+00	0.00e+00	0.00e+00	0.00e+00	6.20e-07	3.53e-08	3.28e-08
 5.49668e+17	8.13e-07	4.24e-02	9.58e-01	0.00e+00	0.00e+00	0.00e+00	0.00e+00	0.00e+00	0.00e+00	7.33e-07	4.16e-08	3.87e-08
 5.73655e+17	9.62e-07	4.60e-02	9.54e-01	0.00e+00	0.00e+00	0.00e+00	0.00e+00	0.00e+00	0.00e+00	8.67e-07	4.92e-08	4.58e-08
 5.98601e+17	1.14e-06	4.99e-02	9.50e-01	0.00e+00	0.00e+00	0.00e+00	0.00e+00	0.00e+00	0.00e+00	1.03e-06	5.83e-08	5.42e-08
 6.24545e+17	1.35e-06	5.42e-02	9.46e-01	0.00e+00	0.00e+00	0.00e+00	0.00e+00	0.00e+00	0.00e+00	1.22e-06	6.90e-08	6.42e-08
 6.51527e+17	1.60e-06	5.89e-02	9.41e-01	0.00e+00	0.00e+00	0.00e+00	0.00e+00	0.00e+00	0.00e+00	1.44e-06	8.19e-08	7.61e-08
 6.79588e+17	1.90e-06	6.40e-02	9.36e-01	0.00e+00	0.00e+00	0.00e+00	0.00e+00	0.00e+00	0.00e+00	1.72e-06	9.72e-08	9.03e-08
 7.08772e+17	2.26e-06	6.96e-02	9.30e-01	0.00e+00	0.00e+00	0.00e+00	0.00e+00	0.00e+00	0.00e+00	2.04e-06	1.16e-07	1.07e-07
 7.39123e+17	2.70e-06	7.58e-02	9.24e-01	0.00e+00	0.00e+00	0.00e+00	0.00e+00	0.00e+00	0.00e+00	2.43e-06	1.38e-07	1.28e-07
 7.70688e+17	3.22e-06	8.26e-02	9.17e-01	0.00e+00	0.00e+00	0.00e+00	0.00e+00	0.00e+00	0.00e+00	2.91e-06	1.64e-07	1.53e-07
 8.03516e+17	3.86e-06	9.01e-02	9.10e-01	0.00e+00	0.00e+00	0.00e+00	0.00e+00	0.00e+00	0.00e+00	3.48e-06	1.97e-07	1.83e-07
 8.37657e+17	4.63e-06	9.84e-02	9.02e-01	0.00e+00	0.00e+00	0.00e+00	0.00e+00	0.00e+00	0.00e+00	4.18e-06	2.36e-07	2.19e-07
 8.73163e+17	5.57e-06	1.08e-01	8.92e-01	0.00e+00	0.00e+00	0.00e+00	0.00e+00	0.00e+00	0.00e+00	5.02e-06	2.84e-07	2.63e-07
 9.10090e+17	6.72e-06	1.18e-01	8.82e-01	0.00e+00	0.00e+00	0.00e+00	0.00e+00	0.00e+00	0.00e+00	6.06e-06	3.42e-07	3.17e-07
 9.48493e+17	8.14e-06	1.29e-01	8.71e-01	0.00e+00	0.00e+00	0.00e+00	0.00e+00	0.00e+00	0.00e+00	7.34e-06	4.14e-07	3.83e-07
 9.88433e+17	9.89e-06	1.42e-01	8.58e-01	0.00e+00	0.00e+00	0.00e+00	0.00e+00	0.00e+00	0.00e+00	8.92e-06	5.03e-07	4.66e-07
 1.02997e+18	1.21e-05	1.57e-01	8.43e-01	0.00e+00	0.00e+00	0.00e+00	0.00e+00	0.00e+00	0.00e+00	1.09e-05	6.14e-07	5.68e-07
 1.07317e+18	1.48e-05	1.74e-01	8.26e-01	0.00e+00	0.00e+00	0.00e+00	0.00e+00	0.00e+00	0.00e+00	1.34e-05	7.53e-07	6.97e-07
 1.11810e+18	1.83e-05	1.93e-01	8.07e-01	0.00e+00	0.00e+00	0.00e+00	0.00e+00	0.00e+00	0.00e+00	1.65e-05	9.30e-07	8.61e-07
 1.16387e+18	2.27e-05	2.15e-01	7.85e-01	0.00e+00	0.00e+00	0.00e+00	0.00e+00	0.00e+00	0.00e+00	2.05e-05	1.15e-06	1.07e-06
 1.20627e+18	2.77e-05	2.38e-01	7.62e-01	0.00e+00	0.00e+00	0.00e+00	0.00e+00	0.00e+00	0.00e+00	2.50e-05	1.41e-06	1.30e-06
 1.24397e+18	3.31e-05	2.61e-01	7.39e-01	0.00e+00	0.00e+00	0.00e+00	0.00e+00	0.00e+00	0.00e+00	2.99e-05	1.68e-06	1.56e-06
 1.28575e+18	4.03e-05	2.89e-01	7.11e-01	0.00e+00	0.00e+00	0.00e+00	0.00e+00	0.00e+00	0.00e+00	3.63e-05	2.05e-06	1.90e-06
 1.33115e+18	5.00e-05	3.23e-01	6.77e-01	0.00e+00	0.00e+00	0.00e+00	0.00e+00	0.00e+00	0.00e+00	4.51e-05	2.55e-06	2.36e-06
 1.37101e+18	6.08e-05	3.58e-01	6.42e-01	0.00e+00	0.00e+00	0.00e+00	0.00e+00	0.00e+00	0.00e+00	5.48e-05	3.10e-06	2.87e-06
 1.40492e+18	7.19e-05	3.92e-01	6.08e-01	0.00e+00	0.00e+00	0.00e+00	0.00e+00	0.00e+00	0.00e+00	6.48e-05	3.67e-06	3.40e-06
 1.44130e+18	8.63e-05	4.31e-01	5.68e-01	0.00e+00	0.00e+00	0.00e+00	0.00e+00	0.00e+00	0.00e+00	7.78e-05	4.41e-06	4.10e-06
 1.48004e+18	1.05e-04	4.80e-01	5.19e-01	0.00e+00	0.00e+00	0.00e+00	0.00e+00	0.00e+00	0.00e+00	9.49e-05	5.39e-06	5.02e-06
 1.51279e+18	1.25e-04	5.29e-01	4.71e-01	0.00e+00	0.00e+00	0.00e+00	0.00e+00	0.00e+00	0.00e+00	1.13e-04	6.43e-06	5.99e-06
 1.54046e+18	1.45e-04	5.74e-01	4.26e-01	0.00e+00	0.00e+00	0.00e+00	0.00e+00	0.00e+00	0.00e+00	1.31e-04	7.48e-06	6.98e-06
 1.56327e+18	1.65e-04	6.17e-01	3.83e-01	0.00e+00	0.00e+00	0.00e+00	0.00e+00	0.00e+00	0.00e+00	1.49e-04	8.51e-06	7.94e-06
 1.58041e+18	1.82e-04	6.52e-01	3.48e-01	0.00e+00	0.00e+00	0.00e+00	0.00e+00	0.00e+00	0.00e+00	1.64e-04	9.40e-06	8.78e-06
 1.59443e+18	1.97e-04	6.82e-01	3.18e-01	0.00e+00	0.00e+00	0.00e+00	0.00e+00	0.00e+00	0.00e+00	1.78e-04	1.02e-05	9.52e-06
 1.60738e+18	2.13e-04	7.11e-01	2.89e-01	0.00e+00	0.00e+00	0.00e+00	0.00e+00	0.00e+00	0.00e+00	1.91e-04	1.10e-05	1.03e-05
 1.61958e+18	2.29e-04	7.40e-01	2.59e-01	0.00e+00	0.00e+00	0.00e+00	0.00e+00	0.00e+00	0.00e+00	2.06e-04	1.18e-05	1.11e-05
 1.63037e+18	2.44e-04	7.68e-01	2.31e-01	0.00e+00	0.00e+00	0.00e+00	0.00e+00	0.00e+00	0.00e+00	2.19e-04	1.26e-05	1.18e-05
 1.63935e+18	2.58e-04	7.93e-01	2.06e-01	0.00e+00	0.00e+00	0.00e+00	0.00e+00	0.00e+00	0.00e+00	2.32e-04	1.34e-05	1.25e-05
 1.64677e+18	2.70e-04	8.15e-01	1.84e-01	0.00e+00	0.00e+00	0.00e+00	0.00e+00	0.00e+00	0.00e+00	2.43e-04	1.40e-05	1.31e-05
 1.65315e+18	2.82e-04	8.35e-01	1.65e-01	0.00e+00	0.00e+00	0.00e+00	0.00e+00	0.00e+00	0.00e+00	2.53e-04	1.46e-05	1.36e-05
 1.65883e+18	2.92e-04	8.54e-01	1.46e-01	0.00e+00	0.00e+00	0.00e+00	0.00e+00	0.00e+00	0.00e+00	2.63e-04	1.52e-05	1.42e-05
 1.66386e+18	3.02e-04	8.71e-01	1.29e-01	0.00e+00	0.00e+00	0.00e+00	0.00e+00	0.00e+00	0.00e+00	2.72e-04	1.57e-05	1.46e-05
 1.66822e+18	3.11e-04	8.87e-01	1.13e-01	0.00e+00	0.00e+00	0.00e+00	0.00e+00	0.00e+00	0.00e+00	2.80e-04	1.62e-05	1.51e-05
 1.67193e+18	3.19e-04	9.01e-01	9.89e-02	0.00e+00	0.00e+00	0.00e+00	0.00e+00	0.00e+00	0.00e+00	2.87e-04	1.66e-05	1.55e-05
 1.67512e+18	3.27e-04	9.13e-01	8.62e-02	0.00e+00	0.00e+00	0.00e+00	0.00e+00	0.00e+00	0.00e+00	2.94e-04	1.70e-05	1.58e-05
 1.67791e+18	3.33e-04	9.25e-01	7.47e-02	0.00e+00	0.00e+00	0.00e+00	0.00e+00	0.00e+00	0.00e+00	3.00e-04	1.73e-05	1.61e-05
 1.68037e+18	3.39e-04	9.35e-01	6.43e-02	0.00e+00	0.00e+00	0.00e+00	0.00e+00	0.00e+00	0.00e+00	3.05e-04	1.76e-05	1.64e-05
 1.68254e+18	3.44e-04	9.45e-01	5.48e-02	0.00e+00	0.00e+00	0.00e+00	0.00e+00	0.00e+00	0.00e+00	3.09e-04	1.79e-05	1.67e-05
 1.68443e+18	3.48e-04	9.53e-01	4.64e-02	0.00e+00	0.00e+00	0.00e+00	0.00e+00	0.00e+00	0.00e+00	3.13e-04	1.81e-05	1.69e-05
 1.68610e+18	3.52e-04	9.61e-01	3.90e-02	0.00e+00	0.00e+00	0.00e+00	0.00e+00	0.00e+00	0.00e+00	3.17e-04	1.83e-05	1.71e-05
 1.68757e+18	3.55e-04	9.67e-01	3.25e-02	0.00e+00	0.00e+00	0.00e+00	0.00e+00	0.00e+00	0.00e+00	3.20e-04	1.84e-05	1.72e-05
 1.68889e+18	3.58e-04	9.73e-01	2.68e-02	0.00e+00	0.00e+00	0.00e+00	0.00e+00	0.00e+00	0.00e+00	3.22e-04	1.86e-05	1.73e-05
 1.69008e+18	3.60e-04	9.78e-01	2.19e-02	0.00e+00	0.00e+00	0.00e+00	0.00e+00	0.00e+00	0.00e+00	3.24e-04	1.87e-05	1.74e-05
 1.69116e+18	3.61e-04	9.82e-01	1.76e-02	0.00e+00	0.00e+00	0.00e+00	0.00e+00	0.00e+00	0.00e+00	3.25e-04	1.87e-05	1.75e-05
 1.69216e+18	3.62e-04	9.86e-01	1.40e-02	0.00e+00	0.00e+00	0.00e+00	0.00e+00	0.00e+00	0.00e+00	3.26e-04	1.88e-05	1.75e-05
 1.69308e+18	3.63e-04	9.89e-01	1.10e-02	0.00e+00	0.00e+00	0.00e+00	0.00e+00	0.00e+00	0.00e+00	3.26e-04	1.88e-05	1.75e-05
 1.69396e+18	3.63e-04	9.91e-01	8.52e-03	0.00e+00	0.00e+00	0.00e+00	0.00e+00	0.00e+00	0.00e+00	3.26e-04	1.88e-05	1.75e-05
 1.69482e+18	3.62e-04	9.93e-01	6.46e-03	0.00e+00	0.00e+00	0.00e+00	0.00e+00	0.00e+00	0.00e+00	3.26e-04	1.87e-05	1.75e-05
 1.69579e+18	3.62e-04	9.95e-01	4.60e-03	0.00e+00	0.00e+00	0.00e+00	0.00e+00	0.00e+00	0.00e+00	3.26e-04	1.87e-05	1.74e-05
 1.69688e+18	3.61e-04	9.97e-01	3.05e-03	0.00e+00	0.00e+00	0.00e+00	0.00e+00	0.00e+00	0.00e+00	3.25e-04	1.86e-05	1.73e-05
 1.69793e+18	3.61e-04	9.98e-01	2.00e-03	0.00e+00	0.00e+00	0.00e+00	0.00e+00	0.00e+00	0.00e+00	3.25e-04	1.85e-05	1.72e-05
 1.69912e+18	3.60e-04	9.98e-01	1.24e-03	0.00e+00	0.00e+00	0.00e+00	0.00e+00	0.00e+00	0.00e+00	3.25e-04	1.85e-05	1.72e-05
 1.70068e+18	3.61e-04	9.99e-01	6.72e-04	0.00e+00	0.00e+00	0.00e+00	0.00e+00	0.00e+00	0.00e+00	3.26e-04	1.85e-05	1.72e-05
 1.70271e+18	3.63e-04	9.99e-01	3.05e-04	0.00e+00	0.00e+00	0.00e+00	0.00e+00	0.00e+00	0.00e+00	3.27e-04	1.86e-05	1.72e-05
 1.70535e+18	3.66e-04	1.00e+00	1.13e-04	0.00e+00	0.00e+00	0.00e+00	0.00e+00	0.00e+00	0.00e+00	3.30e-04	1.87e-05	1.74e-05
 1.70877e+18	3.70e-04	1.00e+00	3.24e-05	0.00e+00	0.00e+00	0.00e+00	0.00e+00	0.00e+00	0.00e+00	3.33e-04	1.89e-05	1.75e-05
 1.71323e+18	3.75e-04	1.00e+00	7.03e-06	0.00e+00	0.00e+00	0.00e+00	0.00e+00	0.00e+00	0.00e+00	3.38e-04	1.92e-05	1.78e-05
 1.71902e+18	3.81e-04	1.00e+00	1.12e-06	0.00e+00	0.00e+00	0.00e+00	0.00e+00	0.00e+00	0.00e+00	3.44e-04	1.95e-05	1.81e-05
 1.72654e+18	3.90e-04	1.00e+00	1.27e-07	0.00e+00	0.00e+00	0.00e+00	0.00e+00	0.00e+00	0.00e+00	3.51e-04	2.00e-05	1.85e-05
 1.73633e+18	4.01e-04	1.00e+00	0.00e+00	0.00e+00	0.00e+00	0.00e+00	0.00e+00	0.00e+00	0.00e+00	3.62e-04	2.06e-05	1.91e-05
 1.74905e+18	4.17e-04	1.00e+00	0.00e+00	0.00e+00	0.00e+00	0.00e+00	0.00e+00	0.00e+00	0.00e+00	3.76e-04	2.14e-05	1.98e-05
 1.76559e+18	4.39e-04	1.00e+00	0.00e+00	0.00e+00	0.00e+00	0.00e+00	0.00e+00	0.00e+00	0.00e+00	3.96e-04	2.25e-05	2.09e-05
 1.78708e+18	4.70e-04	1.00e+00	0.00e+00	0.00e+00	0.00e+00	0.00e+00	0.00e+00	0.00e+00	0.00e+00	4.23e-04	2.41e-05	2.24e-05
 1.81503e+18	5.15e-04	9.99e-01	0.00e+00	0.00e+00	0.00e+00	0.00e+00	0.00e+00	0.00e+00	0.00e+00	4.64e-04	2.65e-05	2.46e-05
 1.85136e+18	5.83e-04	9.99e-01	0.00e+00	0.00e+00	0.00e+00	0.00e+00	0.00e+00	0.00e+00	0.00e+00	5.25e-04	3.01e-05	2.80e-05
 1.89859e+18	6.95e-04	9.99e-01	0.00e+00	0.00e+00	0.00e+00	0.00e+00	0.00e+00	0.00e+00	0.00e+00	6.26e-04	3.59e-05	3.35e-05
 1.95113e+18	8.65e-04	9.99e-01	0.00e+00	0.00e+00	0.00e+00	0.00e+00	0.00e+00	0.00e+00	0.00e+00	7.79e-04	4.49e-05	4.19e-05
 1.99591e+18	1.07e-03	9.99e-01	0.00e+00	0.00e+00	0.00e+00	0.00e+00	0.00e+00	0.00e+00	0.00e+00	9.67e-04	5.61e-05	5.22e-05
 2.02829e+18	1.29e-03	9.99e-01	0.00e+00	0.00e+00	0.00e+00	0.00e+00	0.00e+00	0.00e+00	0.00e+00	1.16e-03	6.75e-05	6.28e-05
 2.05301e+18	1.51e-03	9.98e-01	0.00e+00	0.00e+00	0.00e+00	0.00e+00	0.00e+00	0.00e+00	0.00e+00	1.35e-03	7.91e-05	7.35e-05
 2.07517e+18	1.75e-03	9.98e-01	0.00e+00	0.00e+00	0.00e+00	0.00e+00	0.00e+00	0.00e+00	0.00e+00	1.57e-03	9.24e-05	8.57e-05
 2.09645e+18	2.06e-03	9.98e-01	0.00e+00	0.00e+00	0.00e+00	0.00e+00	0.00e+00	0.00e+00	0.00e+00	1.85e-03	1.09e-04	1.01e-04
 2.11582e+18	2.43e-03	9.98e-01	0.00e+00	0.00e+00	0.00e+00	0.00e+00	0.00e+00	0.00e+00	0.00e+00	2.18e-03	1.29e-04	1.19e-04
 2.13219e+18	2.84e-03	9.97e-01	0.00e+00	0.00e+00	0.00e+00	0.00e+00	0.00e+00	0.00e+00	0.00e+00	2.55e-03	1.52e-04	1.40e-04
 2.14585e+18	3.29e-03	9.97e-01	0.00e+00	0.00e+00	0.00e+00	0.00e+00	0.00e+00	0.00e+00	0.00e+00	2.95e-03	1.76e-04	1.62e-04
 2.15779e+18	3.79e-03	9.96e-01	0.00e+00	0.00e+00	0.00e+00	0.00e+00	0.00e+00	0.00e+00	0.00e+00	3.40e-03	2.03e-04	1.87e-04
 2.16866e+18	4.36e-03	9.96e-01	0.00e+00	0.00e+00	0.00e+00	0.00e+00	0.00e+00	0.00e+00	0.00e+00	3.91e-03	2.35e-04	2.16e-04
 2.17859e+18	5.03e-03	9.95e-01	0.00e+00	0.00e+00	0.00e+00	0.00e+00	0.00e+00	0.00e+00	0.00e+00	4.51e-03	2.71e-04	2.50e-04
 2.18748e+18	5.79e-03	9.94e-01	0.00e+00	0.00e+00	0.00e+00	0.00e+00	0.00e+00	0.00e+00	0.00e+00	5.19e-03	3.13e-04	2.88e-04
 2.19536e+18	6.65e-03	9.93e-01	0.00e+00	0.00e+00	0.00e+00	0.00e+00	0.00e+00	0.00e+00	0.00e+00	5.96e-03	3.60e-04	3.31e-04
 2.20241e+18	7.63e-03	9.92e-01	0.00e+00	0.00e+00	0.00e+00	0.00e+00	0.00e+00	0.00e+00	0.00e+00	6.83e-03	4.14e-04	3.80e-04
 2.20884e+18	8.75e-03	9.91e-01	0.00e+00	0.00e+00	0.00e+00	0.00e+00	0.00e+00	0.00e+00	0.00e+00	7.84e-03	4.76e-04	4.37e-04
 2.21475e+18	1.01e-02	9.90e-01	0.00e+00	0.00e+00	0.00e+00	0.00e+00	0.00e+00	0.00e+00	0.00e+00	9.02e-03	5.48e-04	5.03e-04
 2.22017e+18	1.16e-02	9.88e-01	0.00e+00	0.00e+00	0.00e+00	0.00e+00	0.00e+00	0.00e+00	0.00e+00	1.04e-02	6.33e-04	5.80e-04
 2.22516e+18	1.34e-02	9.87e-01	0.00e+00	0.00e+00	0.00e+00	0.00e+00	0.00e+00	0.00e+00	0.00e+00	1.20e-02	7.33e-04	6.72e-04
 2.22978e+18	1.56e-02	9.84e-01	0.00e+00	0.00e+00	0.00e+00	0.00e+00	0.00e+00	0.00e+00	0.00e+00	1.40e-02	8.53e-04	7.82e-04
 2.23410e+18	1.83e-02	9.82e-01	0.00e+00	0.00e+00	0.00e+00	0.00e+00	0.00e+00	0.00e+00	0.00e+00	1.64e-02	9.99e-04	9.16e-04
 2.23820e+18	2.17e-02	9.78e-01	0.00e+00	0.00e+00	0.00e+00	0.00e+00	0.00e+00	0.00e+00	0.00e+00	1.94e-02	1.18e-03	1.08e-03
 2.24214e+18	2.61e-02	9.74e-01	0.00e+00	0.00e+00	0.00e+00	0.00e+00	0.00e+00	0.00e+00	0.00e+00	2.34e-02	1.43e-03	1.31e-03
 2.24597e+18	3.23e-02	9.68e-01	0.00e+00	0.00e+00	0.00e+00	0.00e+00	0.00e+00	0.00e+00	0.00e+00	2.89e-02	1.76e-03	1.61e-03
 2.24947e+18	4.05e-02	9.59e-01	0.00e+00	0.00e+00	0.00e+00	0.00e+00	0.00e+00	0.00e+00	0.00e+00	3.63e-02	2.20e-03	2.02e-03
 2.25234e+18	5.07e-02	9.49e-01	0.00e+00	0.00e+00	0.00e+00	0.00e+00	0.00e+00	0.00e+00	0.00e+00	4.54e-02	2.73e-03	2.51e-03
 2.25461e+18	6.25e-02	9.37e-01	0.00e+00	0.00e+00	0.00e+00	0.00e+00	0.00e+00	0.00e+00	0.00e+00	5.61e-02	3.35e-03	3.08e-03
 2.25648e+18	7.65e-02	9.24e-01	0.00e+00	0.00e+00	0.00e+00	0.00e+00	0.00e+00	0.00e+00	0.00e+00	6.87e-02	4.06e-03	3.75e-03
 2.25812e+18	9.38e-02	9.06e-01	0.00e+00	0.00e+00	0.00e+00	0.00e+00	0.00e+00	0.00e+00	0.00e+00	8.43e-02	4.93e-03	4.56e-03
 2.25955e+18	1.15e-01	8.85e-01	0.00e+00	0.00e+00	0.00e+00	0.00e+00	0.00e+00	0.00e+00	0.00e+00	1.04e-01	5.98e-03	5.55e-03
 2.26075e+18	1.41e-01	8.59e-01	0.00e+00	0.00e+00	0.00e+00	0.00e+00	0.00e+00	0.00e+00	0.00e+00	1.27e-01	7.20e-03	6.70e-03
 2.26176e+18	1.71e-01	8.29e-01	0.00e+00	0.00e+00	0.00e+00	0.00e+00	0.00e+00	0.00e+00	0.00e+00	1.54e-01	8.53e-03	7.98e-03
 2.26263e+18	2.05e-01	7.95e-01	0.00e+00	0.00e+00	0.00e+00	0.00e+00	0.00e+00	0.00e+00	0.00e+00	1.86e-01	1.00e-02	9.41e-03
 2.26341e+18	2.46e-01	7.54e-01	0.00e+00	0.00e+00	0.00e+00	0.00e+00	0.00e+00	0.00e+00	0.00e+00	2.24e-01	1.16e-02	1.10e-02
 2.26409e+18	2.93e-01	7.07e-01	0.00e+00	0.00e+00	0.00e+00	0.00e+00	0.00e+00	0.00e+00	0.00e+00	2.67e-01	1.34e-02	1.27e-02
 2.26464e+18	3.40e-01	6.60e-01	0.00e+00	0.00e+00	0.00e+00	0.00e+00	0.00e+00	0.00e+00	0.00e+00	3.11e-01	1.49e-02	1.43e-02
 2.26502e+18	3.78e-01	6.22e-01	0.00e+00	0.00e+00	0.00e+00	0.00e+00	0.00e+00	0.00e+00	0.00e+00	3.46e-01	1.60e-02	1.54e-02
 2.26529e+18	4.07e-01	5.93e-01	0.00e+00	0.00e+00	0.00e+00	0.00e+00	0.00e+00	0.00e+00	0.00e+00	3.75e-01	1.67e-02	1.63e-02
 2.26551e+18	4.34e-01	5.66e-01	0.00e+00	0.00e+00	0.00e+00	0.00e+00	0.00e+00	0.00e+00	0.00e+00	4.00e-01	1.73e-02	1.69e-02
 2.26573e+18	4.61e-01	5.39e-01	0.00e+00	0.00e+00	0.00e+00	0.00e+00	0.00e+00	0.00e+00	0.00e+00	4.26e-01	1.79e-02	1.76e-02
 2.26593e+18	4.88e-01	5.12e-01	0.00e+00	0.00e+00	0.00e+00	0.00e+00	0.00e+00	0.00e+00	0.00e+00	4.51e-01	1.83e-02	1.81e-02
 2.26611e+18	5.12e-01	4.88e-01	0.00e+00	0.00e+00	0.00e+00	0.00e+00	0.00e+00	0.00e+00	0.00e+00	4.75e-01	1.87e-02	1.86e-02
 2.26627e+18	5.35e-01	4.65e-01	0.00e+00	0.00e+00	0.00e+00	0.00e+00	0.00e+00	0.00e+00	0.00e+00	4.97e-01	1.90e-02	1.89e-02
 2.26642e+18	5.56e-01	4.44e-01	0.00e+00	0.00e+00	0.00e+00	0.00e+00	0.00e+00	0.00e+00	0.00e+00	5.17e-01	1.92e-02	1.92e-02
 2.26656e+18	5.76e-01	4.24e-01	0.00e+00	0.00e+00	0.00e+00	0.00e+00	0.00e+00	0.00e+00	0.00e+00	5.37e-01	1.93e-02	1.94e-02
 2.26669e+18	5.95e-01	4.05e-01	0.00e+00	0.00e+00	0.00e+00	0.00e+00	0.00e+00	0.00e+00	0.00e+00	5.56e-01	1.94e-02	1.96e-02
 2.26679e+18	6.10e-01	3.90e-01	0.00e+00	0.00e+00	0.00e+00	0.00e+00	0.00e+00	0.00e+00	0.00e+00	5.71e-01	1.94e-02	1.97e-02
 2.26687e+18	6.21e-01	3.79e-01	0.00e+00	0.00e+00	0.00e+00	0.00e+00	0.00e+00	0.00e+00	0.00e+00	5.82e-01	1.94e-02	1.98e-02
 2.26694e+18	6.32e-01	3.68e-01	0.00e+00	0.00e+00	0.00e+00	0.00e+00	0.00e+00	0.00e+00	0.00e+00	5.93e-01	1.94e-02	1.98e-02
 2.26702e+18	6.44e-01	3.56e-01	0.00e+00	0.00e+00	0.00e+00	0.00e+00	0.00e+00	0.00e+00	0.00e+00	6.05e-01	1.94e-02	1.98e-02
 2.26710e+18	6.57e-01	3.43e-01	0.00e+00	0.00e+00	0.00e+00	0.00e+00	0.00e+00	0.00e+00	0.00e+00	6.17e-01	1.94e-02	1.98e-02
 2.26718e+18	6.68e-01	3.32e-01	0.00e+00	0.00e+00	0.00e+00	0.00e+00	0.00e+00	0.00e+00	0.00e+00	6.29e-01	1.93e-02	1.98e-02
 2.26726e+18	6.80e-01	3.20e-01	0.00e+00	0.00e+00	0.00e+00	0.00e+00	0.00e+00	0.00e+00	0.00e+00	6.41e-01	1.92e-02	1.97e-02
 2.26734e+18	6.91e-01	3.09e-01	0.00e+00	0.00e+00	0.00e+00	0.00e+00	0.00e+00	0.00e+00	0.00e+00	6.52e-01	1.91e-02	1.96e-02
 2.26741e+18	7.02e-01	2.98e-01	0.00e+00	0.00e+00	0.00e+00	0.00e+00	0.00e+00	0.00e+00	0.00e+00	6.63e-01	1.90e-02	1.95e-02
 2.26749e+18	7.13e-01	2.87e-01	0.00e+00	0.00e+00	0.00e+00	0.00e+00	0.00e+00	0.00e+00	0.00e+00	6.75e-01	1.88e-02	1.94e-02
 2.26757e+18	7.23e-01	2.77e-01	0.00e+00	0.00e+00	0.00e+00	0.00e+00	0.00e+00	0.00e+00	0.00e+00	6.85e-01	1.87e-02	1.92e-02
 2.26764e+18	7.34e-01	2.66e-01	0.00e+00	0.00e+00	0.00e+00	0.00e+00	0.00e+00	0.00e+00	0.00e+00	6.96e-01	1.85e-02	1.90e-02
 2.26771e+18	7.44e-01	2.56e-01	0.00e+00	0.00e+00	0.00e+00	0.00e+00	0.00e+00	0.00e+00	0.00e+00	7.06e-01	1.83e-02	1.88e-02
 2.26779e+18	7.53e-01	2.47e-01	0.00e+00	0.00e+00	0.00e+00	0.00e+00	0.00e+00	0.00e+00	0.00e+00	7.17e-01	1.81e-02	1.86e-02
 2.26786e+18	7.63e-01	2.37e-01	0.00e+00	0.00e+00	0.00e+00	0.00e+00	0.00e+00	0.00e+00	0.00e+00	7.27e-01	1.79e-02	1.84e-02
 2.26793e+18	7.73e-01	2.27e-01	0.00e+00	0.00e+00	0.00e+00	0.00e+00	0.00e+00	0.00e+00	0.00e+00	7.38e-01	1.77e-02	1.81e-02
 2.26800e+18	7.82e-01	2.18e-01	0.00e+00	0.00e+00	0.00e+00	0.00e+00	0.00e+00	0.00e+00	0.00e+00	7.46e-01	1.74e-02	1.79e-02
 2.26806e+18	7.90e-01	2.10e-01	0.00e+00	0.00e+00	0.00e+00	0.00e+00	0.00e+00	0.00e+00	0.00e+00	7.55e-01	1.72e-02	1.76e-02
 2.26813e+18	7.98e-01	2.02e-01	0.00e+00	0.00e+00	0.00e+00	0.00e+00	0.00e+00	0.00e+00	0.00e+00	7.63e-01	1.70e-02	1.74e-02
 2.26819e+18	8.05e-01	1.95e-01	0.00e+00	0.00e+00	0.00e+00	0.00e+00	0.00e+00	0.00e+00	0.00e+00	7.71e-01	1.67e-02	1.71e-02
 2.26825e+18	8.13e-01	1.87e-01	0.00e+00	0.00e+00	0.00e+00	0.00e+00	0.00e+00	0.00e+00	0.00e+00	7.80e-01	1.65e-02	1.68e-02
 2.26832e+18	8.21e-01	1.79e-01	0.00e+00	0.00e+00	0.00e+00	0.00e+00	0.00e+00	0.00e+00	0.00e+00	7.88e-01	1.62e-02	1.65e-02
 2.26838e+18	8.28e-01	1.72e-01	0.00e+00	0.00e+00	0.00e+00	0.00e+00	0.00e+00	0.00e+00	0.00e+00	7.96e-01	1.59e-02	1.62e-02
 2.26845e+18	8.35e-01	1.65e-01	0.00e+00	0.00e+00	0.00e+00	0.00e+00	0.00e+00	0.00e+00	0.00e+00	8.04e-01	1.56e-02	1.59e-02
 2.26851e+18	8.41e-01	1.59e-01	0.00e+00	0.00e+00	0.00e+00	0.00e+00	0.00e+00	0.00e+00	0.00e+00	8.10e-01	1.53e-02	1.56e-02
 2.26856e+18	8.47e-01	1.53e-01	0.00e+00	0.00e+00	0.00e+00	0.00e+00	0.00e+00	0.00e+00	0.00e+00	8.17e-01	1.51e-02	1.53e-02
 2.26862e+18	8.53e-01	1.47e-01	0.00e+00	0.00e+00	0.00e+00	0.00e+00	0.00e+00	0.00e+00	0.00e+00	8.24e-01	1.48e-02	1.50e-02
 2.26868e+18	8.60e-01	1.40e-01	0.00e+00	0.00e+00	0.00e+00	0.00e+00	0.00e+00	0.00e+00	0.00e+00	8.31e-01	1.45e-02	1.46e-02
 2.26874e+18	8.65e-01	1.35e-01	0.00e+00	0.00e+00	0.00e+00	0.00e+00	0.00e+00	0.00e+00	0.00e+00	8.37e-01	1.42e-02	1.43e-02
 2.26879e+18	8.71e-01	1.29e-01	0.00e+00	0.00e+00	0.00e+00	0.00e+00	0.00e+00	0.00e+00	0.00e+00	8.43e-01	1.38e-02	1.39e-02
 2.26884e+18	8.76e-01	1.24e-01	0.00e+00	0.00e+00	0.00e+00	0.00e+00	0.00e+00	0.00e+00	0.00e+00	8.49e-01	1.35e-02	1.36e-02
 2.26889e+18	8.81e-01	1.19e-01	0.00e+00	0.00e+00	0.00e+00	0.00e+00	0.00e+00	0.00e+00	0.00e+00	8.55e-01	1.32e-02	1.32e-02
 2.26894e+18	8.86e-01	1.14e-01	0.00e+00	0.00e+00	0.00e+00	0.00e+00	0.00e+00	0.00e+00	0.00e+00	8.61e-01	1.29e-02	1.28e-02
 2.26900e+18	8.91e-01	1.09e-01	0.00e+00	0.00e+00	0.00e+00	0.00e+00	0.00e+00	0.00e+00	0.00e+00	8.66e-01	1.25e-02	1.24e-02
 2.26905e+18	8.96e-01	1.04e-01	0.00e+00	0.00e+00	0.00e+00	0.00e+00	0.00e+00	0.00e+00	0.00e+00	8.72e-01	1.22e-02	1.20e-02
 2.26909e+18	9.01e-01	9.93e-02	0.00e+00	0.00e+00	0.00e+00	0.00e+00	0.00e+00	0.00e+00	0.00e+00	8.77e-01	1.18e-02	1.16e-02
 2.26913e+18	9.04e-01	9.58e-02	0.00e+00	0.00e+00	0.00e+00	0.00e+00	0.00e+00	0.00e+00	0.00e+00	8.81e-01	1.15e-02	1.12e-02
 2.26916e+18	9.07e-01	9.28e-02	0.00e+00	0.00e+00	0.00e+00	0.00e+00	0.00e+00	0.00e+00	0.00e+00	8.85e-01	1.12e-02	1.09e-02
 2.26919e+18	9.10e-01	8.99e-02	0.00e+00	0.00e+00	0.00e+00	0.00e+00	0.00e+00	0.00e+00	0.00e+00	8.89e-01	1.09e-02	1.05e-02
 2.26922e+18	9.13e-01	8.71e-02	0.00e+00	0.00e+00	0.00e+00	0.00e+00	0.00e+00	0.00e+00	0.00e+00	8.92e-01	1.06e-02	1.02e-02
